MIN=0	-1	-0,3	-0,3	0	
MAX=5	1	0,3	0,3	250	
SCALE=1	0,5	0,1	0,1	100	
DEC=3	3	4	4	1	
DEF="Time" t / s	"Voltage" U_1 / V	"Current" I_1 / A	"Iav" Iav / A	"Frequency" f / Hz	
0	0	0,14235	NAN	NAN	
0,002	0	0,16095	NAN	NAN	
0,004	0	0,1629	0,14979	NAN	
0,006	0	0,1467	NAN	NAN	
0,008	0	0,13605	NAN	NAN	
0,01	0	0,14235	NAN	NAN	
0,012	0,005	0,1608	NAN	NAN	
0,014	0,005	0,16275	0,14967	NAN	
0,016	0,005	0,14655	NAN	NAN	
0,018	0,005	0,1359	NAN	NAN	
0,02	0,005	0,14265	NAN	NAN	
0,022	0,01	0,1608	NAN	NAN	
0,024	0,01	0,1632	0,14982	NAN	
0,026	0,01	0,14685	NAN	NAN	
0,028	0,01	0,1356	NAN	NAN	
0,03	0,01	0,1425	NAN	NAN	
0,032	0,01	0,1608	NAN	NAN	
0,034	0,015	0,1629	0,14976	NAN	
0,036	0,015	0,1467	NAN	NAN	
0,038	0,015	0,1359	NAN	NAN	
0,04	0,015	0,14265	NAN	NAN	
0,042	0,015	0,1605	NAN	NAN	
0,044	0,02	0,1632	0,14982	NAN	
0,046	0,02	0,14685	NAN	NAN	
0,048	0,02	0,1359	NAN	NAN	
0,05	0,02	0,1431	NAN	NAN	
0,052	0,02	0,16065	NAN	NAN	
0,054	0,02	0,1632	0,14997	NAN	
0,056	0,025	0,14715	NAN	NAN	
0,058	0,025	0,13575	NAN	NAN	
0,06	0,025	0,1431	NAN	NAN	
0,062	0,025	0,1608	NAN	NAN	
0,064	0,025	0,16305	0,15003	NAN	
0,066	0,03	0,1473	NAN	NAN	
0,068	0,03	0,1359	NAN	NAN	
0,07	0,03	0,14295	NAN	NAN	
0,072	0,03	0,1605	NAN	NAN	
0,074	0,03	0,16305	0,14979	NAN	
0,076	0,03	0,14685	NAN	NAN	
0,078	0,035	0,1356	NAN	NAN	
0,08	0,035	0,14295	NAN	NAN	
0,082	0,035	0,1608	NAN	NAN	
0,084	0,035	0,16305	0,14988	NAN	
0,086	0,035	0,147	NAN	NAN	
0,088	0,04	0,1356	NAN	NAN	
0,09	0,04	0,14265	NAN	NAN	
0,092	0,04	0,1605	NAN	NAN	
0,094	0,04	0,1632	0,14988	NAN	
0,096	0,04	0,1473	NAN	NAN	
0,098	0,04	0,13575	NAN	NAN	
0,1	0,045	0,14265	NAN	NAN	
0,102	0,045	0,16035	NAN	NAN	
0,104	0,045	0,1629	0,14979	NAN	
0,106	0,045	0,1473	NAN	NAN	
0,108	0,045	0,13575	NAN	NAN	
0,11	0,05	0,1428	NAN	NAN	
0,112	0,05	0,1608	NAN	NAN	
0,114	0,05	0,1632	0,14991	NAN	
0,116	0,05	0,1473	NAN	NAN	
0,118	0,05	0,13545	NAN	NAN	
0,12	0,05	0,1428	NAN	NAN	
0,122	0,055	0,1608	NAN	NAN	
0,124	0,055	0,1629	0,14988	NAN	
0,126	0,055	0,14745	NAN	NAN	
0,128	0,055	0,13545	NAN	NAN	
0,13	0,055	0,14265	NAN	NAN	
0,132	0,06	0,16035	NAN	NAN	
0,134	0,06	0,16305	0,14976	NAN	
0,136	0,06	0,1473	NAN	NAN	
0,138	0,06	0,13545	NAN	NAN	
0,14	0,06	0,14265	NAN	NAN	
0,142	0,06	0,16065	NAN	NAN	
0,144	0,065	0,16305	0,14994	NAN	
0,146	0,065	0,1476	NAN	NAN	
0,148	0,065	0,13575	NAN	NAN	
0,15	0,065	0,14265	NAN	NAN	
0,152	0,065	0,1608	NAN	NAN	
0,154	0,07	0,16305	0,15	NAN	
0,156	0,07	0,14775	NAN	NAN	
0,158	0,07	0,13575	NAN	NAN	
0,16	0,07	0,14265	NAN	NAN	
0,162	0,07	0,16095	NAN	NAN	
0,164	0,07	0,1632	0,15006	NAN	
0,166	0,075	0,14775	NAN	NAN	
0,168	0,075	0,13575	NAN	NAN	
0,17	0,075	0,1428	NAN	NAN	
0,172	0,075	0,16095	NAN	NAN	
0,174	0,075	0,1632	0,15003	NAN	
0,176	0,08	0,1476	NAN	NAN	
0,178	0,08	0,1356	NAN	NAN	
0,18	0,08	0,1425	NAN	NAN	
0,182	0,08	0,1608	NAN	NAN	
0,184	0,08	0,1629	0,14988	NAN	
0,186	0,08	0,1476	NAN	NAN	
0,188	0,085	0,1356	NAN	NAN	
0,19	0,085	0,1422	NAN	NAN	
0,192	0,085	0,1605	NAN	NAN	
0,194	0,085	0,1629	0,14982	NAN	
0,196	0,085	0,1479	NAN	NAN	
0,198	0,09	0,1356	NAN	NAN	
0,2	0,09	0,14265	NAN	NAN	
0,202	0,09	0,16095	NAN	NAN	
0,204	0,09	0,16305	0,15003	NAN	
0,206	0,09	0,14775	NAN	NAN	
0,208	0,09	0,13575	NAN	NAN	
0,21	0,095	0,14235	NAN	NAN	
0,212	0,095	0,1608	NAN	NAN	
0,214	0,095	0,16305	0,14997	NAN	
0,216	0,095	0,14775	NAN	NAN	
0,218	0,095	0,1359	NAN	NAN	
0,22	0,1	0,14235	NAN	NAN	
0,222	0,1	0,1608	NAN	NAN	
0,224	0,1	0,1632	0,15003	NAN	
0,226	0,1	0,1479	NAN	NAN	
0,228	0,1	0,1359	NAN	NAN	
0,23	0,1	0,1422	NAN	NAN	
0,232	0,105	0,16095	NAN	NAN	
0,234	0,105	0,1629	0,14994	NAN	
0,236	0,105	0,14775	NAN	NAN	
0,238	0,105	0,1359	NAN	NAN	
0,24	0,105	0,14205	NAN	NAN	
0,242	0,11	0,16095	NAN	NAN	
0,244	0,11	0,16305	0,14994	NAN	
0,246	0,11	0,14775	NAN	NAN	
0,248	0,11	0,1359	NAN	NAN	
0,25	0,11	0,14175	NAN	NAN	
0,252	0,11	0,16065	NAN	NAN	
0,254	0,115	0,16305	0,14985	NAN	
0,256	0,115	0,1479	NAN	NAN	
0,258	0,115	0,1359	NAN	NAN	
0,26	0,115	0,1419	NAN	NAN	
0,262	0,115	0,1608	NAN	NAN	
0,264	0,12	0,1629	0,14988	NAN	
0,266	0,12	0,1479	NAN	NAN	
0,268	0,12	0,1359	NAN	NAN	
0,27	0,12	0,1416	NAN	NAN	
0,272	0,12	0,1605	NAN	NAN	
0,274	0,12	0,1629	0,14976	NAN	
0,276	0,125	0,14775	NAN	NAN	
0,278	0,125	0,13605	NAN	NAN	
0,28	0,125	0,14175	NAN	NAN	
0,282	0,125	0,16065	NAN	NAN	
0,284	0,125	0,16305	0,14985	NAN	
0,286	0,13	0,14775	NAN	NAN	
0,288	0,13	0,13605	NAN	NAN	
0,29	0,13	0,1416	NAN	NAN	
0,292	0,13	0,16065	NAN	NAN	
0,294	0,13	0,16305	0,14985	NAN	
0,296	0,13	0,14775	NAN	NAN	
0,298	0,135	0,1362	NAN	NAN	
0,3	0,135	0,1416	NAN	NAN	
0,302	0,135	0,1605	NAN	NAN	
0,304	0,135	0,1632	0,14982	NAN	
0,306	0,135	0,14775	NAN	NAN	
0,308	0,14	0,13605	NAN	NAN	
0,31	0,14	0,14175	NAN	NAN	
0,312	0,14	0,1605	NAN	NAN	
0,314	0,14	0,16305	0,14985	NAN	
0,316	0,14	0,14775	NAN	NAN	
0,318	0,145	0,1362	NAN	NAN	
0,32	0,145	0,1416	NAN	NAN	
0,322	0,145	0,16065	NAN	NAN	
0,324	0,145	0,16335	0,14988	NAN	
0,326	0,145	0,14775	NAN	NAN	
0,328	0,145	0,13605	NAN	NAN	
0,33	0,15	0,1416	NAN	NAN	
0,332	0,15	0,1605	NAN	NAN	
0,334	0,15	0,1635	0,14991	NAN	
0,336	0,15	0,1476	NAN	NAN	
0,338	0,15	0,13635	NAN	NAN	
0,34	0,155	0,14175	NAN	NAN	
0,342	0,155	0,1605	NAN	NAN	
0,344	0,155	0,1632	0,14991	NAN	
0,346	0,155	0,1479	NAN	NAN	
0,348	0,155	0,1362	NAN	NAN	
0,35	0,155	0,14175	NAN	NAN	
0,352	0,16	0,16035	NAN	NAN	
0,354	0,16	0,1635	0,14988	NAN	
0,356	0,16	0,14775	NAN	NAN	
0,358	0,16	0,13605	NAN	NAN	
0,36	0,16	0,1419	NAN	NAN	
0,362	0,165	0,1602	NAN	NAN	
0,364	0,165	0,16365	0,14994	NAN	
0,366	0,165	0,14775	NAN	NAN	
0,368	0,165	0,1362	NAN	NAN	
0,37	0,165	0,1419	NAN	NAN	
0,372	0,165	0,1602	NAN	NAN	
0,374	0,17	0,1635	0,14994	NAN	
0,376	0,17	0,14775	NAN	NAN	
0,378	0,17	0,13635	NAN	NAN	
0,38	0,17	0,1419	NAN	NAN	
0,382	0,17	0,16005	NAN	NAN	
0,384	0,175	0,1638	0,14994	NAN	
0,386	0,175	0,14775	NAN	NAN	
0,388	0,175	0,1362	NAN	NAN	
0,39	0,175	0,1419	NAN	NAN	
0,392	0,175	0,16005	NAN	NAN	
0,394	0,175	0,1635	0,14988	NAN	
0,396	0,18	0,1479	NAN	NAN	
0,398	0,18	0,13605	NAN	NAN	
0,4	0,18	0,1419	NAN	NAN	
0,402	0,18	0,1599	NAN	NAN	
0,404	0,18	0,16365	0,14994	NAN	
0,406	0,185	0,14805	NAN	NAN	
0,408	0,185	0,1362	NAN	NAN	
0,41	0,185	0,14205	NAN	NAN	
0,412	0,185	0,1599	NAN	NAN	
0,414	0,185	0,16365	0,14991	NAN	
0,416	0,185	0,14805	NAN	NAN	
0,418	0,19	0,1359	NAN	NAN	
0,42	0,19	0,1422	NAN	NAN	
0,422	0,19	0,1599	NAN	NAN	
0,424	0,19	0,16335	0,14994	NAN	
0,426	0,19	0,14805	NAN	NAN	
0,428	0,195	0,1362	NAN	NAN	
0,43	0,195	0,1419	NAN	NAN	
0,432	0,195	0,1599	NAN	NAN	
0,434	0,195	0,1638	0,14994	NAN	
0,436	0,195	0,1482	NAN	NAN	
0,438	0,195	0,1359	NAN	NAN	
0,44	0,2	0,14205	NAN	NAN	
0,442	0,2	0,15975	NAN	NAN	
0,444	0,2	0,1635	0,14991	NAN	
0,446	0,2	0,14835	NAN	NAN	
0,448	0,2	0,1359	NAN	NAN	
0,45	0,205	0,14205	NAN	NAN	
0,452	0,205	0,1596	NAN	NAN	
0,454	0,205	0,1635	0,14991	NAN	
0,456	0,205	0,1485	NAN	NAN	
0,458	0,205	0,1359	NAN	NAN	
0,46	0,205	0,1419	NAN	NAN	
0,462	0,21	0,15975	NAN	NAN	
0,464	0,21	0,16365	0,14991	NAN	
0,466	0,21	0,14835	NAN	NAN	
0,468	0,21	0,1359	NAN	NAN	
0,47	0,21	0,1419	NAN	NAN	
0,472	0,215	0,1599	NAN	NAN	
0,474	0,215	0,1638	0,15	NAN	
0,476	0,215	0,14865	NAN	NAN	
0,478	0,215	0,13575	NAN	NAN	
0,48	0,215	0,1419	NAN	NAN	
0,482	0,215	0,1596	NAN	NAN	
0,484	0,22	0,1638	0,14994	NAN	
0,486	0,22	0,14865	NAN	NAN	
0,488	0,22	0,13575	NAN	NAN	
0,49	0,22	0,14175	NAN	NAN	
0,492	0,22	0,1599	NAN	NAN	
0,494	0,225	0,1635	0,14994	NAN	
0,496	0,225	0,14865	NAN	NAN	
0,498	0,225	0,1359	NAN	NAN	
0,5	0,225	0,1419	NAN	NAN	
0,502	0,225	0,15975	NAN	NAN	
0,504	0,225	0,16335	0,14997	NAN	
0,506	0,23	0,1488	NAN	NAN	
0,508	0,23	0,13605	NAN	NAN	
0,51	0,23	0,1416	NAN	NAN	
0,512	0,23	0,15975	NAN	NAN	
0,514	0,23	0,1635	0,14985	NAN	
0,516	0,235	0,1485	NAN	NAN	
0,518	0,235	0,1359	NAN	NAN	
0,52	0,235	0,1416	NAN	NAN	
0,522	0,235	0,16005	NAN	NAN	
0,524	0,235	0,16335	0,14991	NAN	
0,526	0,235	0,14865	NAN	NAN	
0,528	0,24	0,1359	NAN	NAN	
0,53	0,24	0,1416	NAN	NAN	
0,532	0,24	0,16005	NAN	NAN	
0,534	0,24	0,16335	0,14997	NAN	
0,536	0,24	0,14865	NAN	NAN	
0,538	0,245	0,1362	NAN	NAN	
0,54	0,245	0,14145	NAN	NAN	
0,542	0,245	0,1602	NAN	NAN	
0,544	0,245	0,1635	0,15	NAN	
0,546	0,245	0,14865	NAN	NAN	
0,548	0,245	0,1362	NAN	NAN	
0,55	0,25	0,1413	NAN	NAN	
0,552	0,25	0,16005	NAN	NAN	
0,554	0,25	0,16335	0,14994	NAN	
0,556	0,25	0,14865	NAN	NAN	
0,558	0,25	0,13635	NAN	NAN	
0,56	0,255	0,14115	NAN	NAN	
0,562	0,255	0,16005	NAN	NAN	
0,564	0,255	0,1635	0,14994	NAN	
0,566	0,255	0,14865	NAN	NAN	
0,568	0,255	0,13635	NAN	NAN	
0,57	0,255	0,14115	NAN	NAN	
0,572	0,26	0,16005	NAN	NAN	
0,574	0,26	0,1638	0,15003	NAN	
0,576	0,26	0,1488	NAN	NAN	
0,578	0,26	0,13635	NAN	NAN	
0,58	0,26	0,141	NAN	NAN	
0,582	0,265	0,1602	NAN	NAN	
0,584	0,265	0,16365	0,15	NAN	
0,586	0,265	0,14865	NAN	NAN	
0,588	0,265	0,1365	NAN	NAN	
0,59	0,265	0,14115	NAN	NAN	
0,592	0,265	0,1599	NAN	NAN	
0,594	0,27	0,16365	0,15	NAN	
0,596	0,27	0,1488	NAN	NAN	
0,598	0,27	0,1365	NAN	NAN	
0,6	0,27	0,1413	NAN	NAN	
0,602	0,27	0,1599	NAN	NAN	
0,604	0,275	0,1638	0,15	NAN	
0,606	0,275	0,14865	NAN	NAN	
0,608	0,275	0,13635	NAN	NAN	
0,61	0,275	0,141	NAN	NAN	
0,612	0,275	0,15975	NAN	NAN	
0,614	0,275	0,16365	0,14991	NAN	
0,616	0,28	0,1488	NAN	NAN	
0,618	0,28	0,13635	NAN	NAN	
0,62	0,28	0,141	NAN	NAN	
0,622	0,28	0,15945	NAN	NAN	
0,624	0,28	0,1638	0,14994	NAN	
0,626	0,285	0,14895	NAN	NAN	
0,628	0,285	0,1365	NAN	NAN	
0,63	0,285	0,14085	NAN	NAN	
0,632	0,285	0,15945	NAN	NAN	
0,634	0,285	0,1638	0,14988	NAN	
0,636	0,29	0,14895	NAN	NAN	
0,638	0,29	0,13635	NAN	NAN	
0,64	0,29	0,1407	NAN	NAN	
0,642	0,29	0,1593	NAN	NAN	
0,644	0,29	0,1641	0,14988	NAN	
0,646	0,29	0,1488	NAN	NAN	
0,648	0,295	0,1365	NAN	NAN	
0,65	0,295	0,14115	NAN	NAN	
0,652	0,295	0,15945	NAN	NAN	
0,654	0,295	0,1641	0,15	NAN	
0,656	0,295	0,14865	NAN	NAN	
0,658	0,3	0,13665	NAN	NAN	
0,66	0,3	0,141	NAN	NAN	
0,662	0,3	0,15915	NAN	NAN	
0,664	0,3	0,1641	0,14982	NAN	
0,666	0,3	0,14865	NAN	NAN	
0,668	0,3	0,1362	NAN	NAN	
0,67	0,305	0,141	NAN	NAN	
0,672	0,305	0,15945	NAN	NAN	
0,674	0,305	0,16395	0,14994	NAN	
0,676	0,305	0,1488	NAN	NAN	
0,678	0,305	0,1365	NAN	NAN	
0,68	0,31	0,14115	NAN	NAN	
0,682	0,31	0,1593	NAN	NAN	
0,684	0,31	0,1641	0,14988	NAN	
0,686	0,31	0,1485	NAN	NAN	
0,688	0,31	0,13635	NAN	NAN	
0,69	0,31	0,141	NAN	NAN	
0,692	0,315	0,1593	NAN	NAN	
0,694	0,315	0,1641	0,14991	NAN	
0,696	0,315	0,1488	NAN	NAN	
0,698	0,315	0,13635	NAN	NAN	
0,7	0,315	0,141	NAN	NAN	
0,702	0,32	0,1593	NAN	NAN	
0,704	0,32	0,1641	0,14994	NAN	
0,706	0,32	0,1488	NAN	NAN	
0,708	0,32	0,1365	NAN	NAN	
0,71	0,32	0,14115	NAN	NAN	
0,712	0,32	0,159	NAN	NAN	
0,714	0,325	0,1641	0,14991	NAN	
0,716	0,325	0,14895	NAN	NAN	
0,718	0,325	0,13635	NAN	NAN	
0,72	0,325	0,1413	NAN	NAN	
0,722	0,325	0,15915	NAN	NAN	
0,724	0,33	0,1641	0,14994	NAN	
0,726	0,33	0,1488	NAN	NAN	
0,728	0,33	0,13635	NAN	NAN	
0,73	0,33	0,14115	NAN	NAN	
0,732	0,33	0,15885	NAN	NAN	
0,734	0,33	0,16425	0,14994	NAN	
0,736	0,335	0,1491	NAN	NAN	
0,738	0,335	0,13635	NAN	NAN	
0,74	0,335	0,1413	NAN	NAN	
0,742	0,335	0,15915	NAN	NAN	
0,744	0,335	0,16395	0,15	NAN	
0,746	0,34	0,14925	NAN	NAN	
0,748	0,34	0,13635	NAN	NAN	
0,75	0,34	0,1413	NAN	NAN	
0,752	0,34	0,159	NAN	NAN	
0,754	0,34	0,16425	0,15	NAN	
0,756	0,34	0,1491	NAN	NAN	
0,758	0,345	0,13635	NAN	NAN	
0,76	0,345	0,14145	NAN	NAN	
0,762	0,345	0,159	NAN	NAN	
0,764	0,345	0,1641	0,15006	NAN	
0,766	0,345	0,14925	NAN	NAN	
0,768	0,35	0,1365	NAN	NAN	
0,77	0,35	0,1413	NAN	NAN	
0,772	0,35	0,159	NAN	NAN	
0,774	0,35	0,16425	0,15009	NAN	
0,776	0,35	0,1494	NAN	NAN	
0,778	0,35	0,1365	NAN	NAN	
0,78	0,355	0,14115	NAN	NAN	
0,782	0,355	0,159	NAN	NAN	
0,784	0,355	0,1641	0,14997	NAN	
0,786	0,355	0,1494	NAN	NAN	
0,788	0,355	0,1362	NAN	NAN	
0,79	0,36	0,1413	NAN	NAN	
0,792	0,36	0,15885	NAN	NAN	
0,794	0,36	0,16455	0,15012	NAN	
0,796	0,36	0,14955	NAN	NAN	
0,798	0,36	0,13635	NAN	NAN	
0,8	0,36	0,1413	NAN	NAN	
0,802	0,365	0,15915	NAN	NAN	
0,804	0,365	0,16425	0,15012	NAN	
0,806	0,365	0,14955	NAN	NAN	
0,808	0,365	0,13635	NAN	NAN	
0,81	0,365	0,1413	NAN	NAN	
0,812	0,37	0,15885	NAN	NAN	
0,814	0,37	0,16425	0,15006	NAN	
0,816	0,37	0,1494	NAN	NAN	
0,818	0,37	0,1365	NAN	NAN	
0,82	0,37	0,14115	NAN	NAN	
0,822	0,37	0,15885	NAN	NAN	
0,824	0,375	0,16425	0,15003	NAN	
0,826	0,375	0,14955	NAN	NAN	
0,828	0,375	0,13635	NAN	NAN	
0,83	0,375	0,14145	NAN	NAN	
0,832	0,375	0,159	NAN	NAN	
0,834	0,38	0,16425	0,15015	NAN	
0,836	0,38	0,1497	NAN	NAN	
0,838	0,38	0,13635	NAN	NAN	
0,84	0,38	0,141	NAN	NAN	
0,842	0,38	0,15885	NAN	NAN	
0,844	0,38	0,16425	0,15	NAN	
0,846	0,385	0,1497	NAN	NAN	
0,848	0,385	0,1362	NAN	NAN	
0,85	0,385	0,141	NAN	NAN	
0,852	0,385	0,159	NAN	NAN	
0,854	0,385	0,16425	0,15009	NAN	
0,856	0,39	0,14985	NAN	NAN	
0,858	0,39	0,13635	NAN	NAN	
0,86	0,39	0,14115	NAN	NAN	
0,862	0,39	0,159	NAN	NAN	
0,864	0,39	0,16425	0,15012	NAN	
0,866	0,39	0,15	NAN	NAN	
0,868	0,395	0,1362	NAN	NAN	
0,87	0,395	0,141	NAN	NAN	
0,872	0,395	0,159	NAN	NAN	
0,874	0,395	0,1644	0,15015	NAN	
0,876	0,395	0,15	NAN	NAN	
0,878	0,4	0,13635	NAN	NAN	
0,88	0,4	0,141	NAN	NAN	
0,882	0,4	0,159	NAN	NAN	
0,884	0,4	0,16455	0,15015	NAN	
0,886	0,4	0,14985	NAN	NAN	
0,888	0,4	0,13635	NAN	NAN	
0,89	0,405	0,141	NAN	NAN	
0,892	0,405	0,159	NAN	NAN	
0,894	0,405	0,1644	0,15015	NAN	
0,896	0,405	0,15015	NAN	NAN	
0,898	0,405	0,1362	NAN	NAN	
0,9	0,41	0,141	NAN	NAN	
0,902	0,41	0,1587	NAN	NAN	
0,904	0,41	0,1641	0,15006	NAN	
0,906	0,41	0,1503	NAN	NAN	
0,908	0,41	0,1362	NAN	NAN	
0,91	0,41	0,1407	NAN	NAN	
0,912	0,415	0,1587	NAN	NAN	
0,914	0,415	0,1641	0,15003	NAN	
0,916	0,415	0,1503	NAN	NAN	
0,918	0,415	0,13635	NAN	NAN	
0,92	0,415	0,14085	NAN	NAN	
0,922	0,42	0,159	NAN	NAN	
0,924	0,42	0,1641	0,15006	NAN	
0,926	0,42	0,15015	NAN	NAN	
0,928	0,42	0,1362	NAN	NAN	
0,93	0,42	0,1407	NAN	NAN	
0,932	0,42	0,15885	NAN	NAN	
0,934	0,425	0,1641	0,15	NAN	
0,936	0,425	0,15015	NAN	NAN	
0,938	0,425	0,1362	NAN	NAN	
0,94	0,425	0,1407	NAN	NAN	
0,942	0,425	0,15885	NAN	NAN	
0,944	0,43	0,1641	0,15	NAN	
0,946	0,43	0,15015	NAN	NAN	
0,948	0,43	0,1362	NAN	NAN	
0,95	0,43	0,14055	NAN	NAN	
0,952	0,43	0,1587	NAN	NAN	
0,954	0,435	0,16395	0,14997	NAN	
0,956	0,435	0,1503	NAN	NAN	
0,958	0,435	0,13635	NAN	NAN	
0,96	0,435	0,14055	NAN	NAN	
0,962	0,435	0,15885	NAN	NAN	
0,964	0,435	0,16395	0,14997	NAN	
0,966	0,44	0,15015	NAN	NAN	
0,968	0,44	0,13635	NAN	NAN	
0,97	0,44	0,1404	NAN	NAN	
0,972	0,44	0,15855	NAN	NAN	
0,974	0,44	0,1638	0,14988	NAN	
0,976	0,445	0,15015	NAN	NAN	
0,978	0,445	0,1365	NAN	NAN	
0,98	0,445	0,1407	NAN	NAN	
0,982	0,445	0,159	NAN	NAN	
0,984	0,445	0,16425	0,15015	NAN	
0,986	0,445	0,1503	NAN	NAN	
0,988	0,45	0,1365	NAN	NAN	
0,99	0,45	0,1407	NAN	NAN	
0,992	0,45	0,15885	NAN	NAN	
0,994	0,45	0,16425	0,15015	NAN	
0,996	0,45	0,15045	NAN	NAN	
0,998	0,455	0,1365	NAN	NAN	
1	0,455	0,1404	NAN	NAN	
1,002	0,455	0,159	NAN	NAN	
1,004	0,455	0,16425	0,15012	NAN	
1,006	0,455	0,1503	NAN	NAN	
1,008	0,455	0,13665	NAN	NAN	
1,01	0,46	0,14025	NAN	NAN	
1,012	0,46	0,1587	NAN	NAN	
1,014	0,46	0,1641	0,15	NAN	
1,016	0,46	0,1503	NAN	NAN	
1,018	0,46	0,13665	NAN	NAN	
1,02	0,465	0,14025	NAN	NAN	
1,022	0,465	0,15885	NAN	NAN	
1,024	0,465	0,16425	0,15009	NAN	
1,026	0,465	0,1503	NAN	NAN	
1,028	0,465	0,1368	NAN	NAN	
1,03	0,465	0,1404	NAN	NAN	
1,032	0,47	0,159	NAN	NAN	
1,034	0,47	0,1641	0,15012	NAN	
1,036	0,47	0,1503	NAN	NAN	
1,038	0,47	0,1368	NAN	NAN	
1,04	0,47	0,14025	NAN	NAN	
1,042	0,475	0,15885	NAN	NAN	
1,044	0,475	0,16455	0,15021	NAN	
1,046	0,475	0,1506	NAN	NAN	
1,048	0,475	0,1368	NAN	NAN	
1,05	0,475	0,1404	NAN	NAN	
1,052	0,475	0,159	NAN	NAN	
1,054	0,48	0,1641	0,15018	NAN	
1,056	0,48	0,1506	NAN	NAN	
1,058	0,48	0,1368	NAN	NAN	
1,06	0,48	0,13995	NAN	NAN	
1,062	0,48	0,15885	NAN	NAN	
1,064	0,485	0,16425	0,15012	NAN	
1,066	0,485	0,1506	NAN	NAN	
1,068	0,485	0,13695	NAN	NAN	
1,07	0,485	0,14025	NAN	NAN	
1,072	0,485	0,1587	NAN	NAN	
1,074	0,485	0,1644	0,15012	NAN	
1,076	0,49	0,15045	NAN	NAN	
1,078	0,49	0,1368	NAN	NAN	
1,08	0,49	0,1404	NAN	NAN	
1,082	0,49	0,1587	NAN	NAN	
1,084	0,49	0,1647	0,1503	NAN	
1,086	0,495	0,15075	NAN	NAN	
1,088	0,495	0,13695	NAN	NAN	
1,09	0,495	0,14025	NAN	NAN	
1,092	0,495	0,1587	NAN	NAN	
1,094	0,495	0,1644	0,15018	NAN	
1,096	0,495	0,1506	NAN	NAN	
1,098	0,5	0,13695	NAN	NAN	
1,1	0,5	0,1401	NAN	NAN	
1,102	0,5	0,1587	NAN	NAN	
1,104	0,5	0,1647	0,15027	NAN	
1,106	0,5	0,15075	NAN	NAN	
1,108	0,505	0,1371	NAN	NAN	
1,11	0,505	0,1398	NAN	NAN	
1,112	0,505	0,15855	NAN	NAN	
1,114	0,505	0,1647	0,15012	NAN	
1,116	0,505	0,1506	NAN	NAN	
1,118	0,505	0,13695	NAN	NAN	
1,12	0,51	0,1398	NAN	NAN	
1,122	0,51	0,1587	NAN	NAN	
1,124	0,51	0,1647	0,15027	NAN	
1,126	0,51	0,15075	NAN	NAN	
1,128	0,51	0,1374	NAN	NAN	
1,13	0,515	0,1401	NAN	NAN	
1,132	0,515	0,1587	NAN	NAN	
1,134	0,515	0,16485	0,15033	NAN	
1,136	0,515	0,15075	NAN	NAN	
1,138	0,515	0,13725	NAN	NAN	
1,14	0,515	0,1401	NAN	NAN	
1,142	0,52	0,15855	NAN	NAN	
1,144	0,52	0,1647	0,15024	NAN	
1,146	0,52	0,1506	NAN	NAN	
1,148	0,52	0,13725	NAN	NAN	
1,15	0,52	0,1401	NAN	NAN	
1,152	0,525	0,15825	NAN	NAN	
1,154	0,525	0,165	0,1503	NAN	
1,156	0,525	0,1509	NAN	NAN	
1,158	0,525	0,13725	NAN	NAN	
1,16	0,525	0,1398	NAN	NAN	
1,162	0,525	0,1584	NAN	NAN	
1,164	0,53	0,16485	0,15021	NAN	
1,166	0,53	0,15075	NAN	NAN	
1,168	0,53	0,13725	NAN	NAN	
1,17	0,53	0,1398	NAN	NAN	
1,172	0,53	0,1584	NAN	NAN	
1,174	0,535	0,16515	0,1503	NAN	
1,176	0,535	0,1509	NAN	NAN	
1,178	0,535	0,13725	NAN	NAN	
1,18	0,535	0,13995	NAN	NAN	
1,182	0,535	0,1584	NAN	NAN	
1,184	0,535	0,16515	0,15027	NAN	
1,186	0,54	0,1506	NAN	NAN	
1,188	0,54	0,13725	NAN	NAN	
1,19	0,54	0,14025	NAN	NAN	
1,192	0,54	0,1584	NAN	NAN	
1,194	0,54	0,165	0,15036	NAN	
1,196	0,545	0,15075	NAN	NAN	
1,198	0,545	0,1374	NAN	NAN	
1,2	0,545	0,1401	NAN	NAN	
1,202	0,545	0,15855	NAN	NAN	
1,204	0,545	0,165	0,15039	NAN	
1,206	0,545	0,15105	NAN	NAN	
1,208	0,55	0,13725	NAN	NAN	
1,21	0,55	0,1398	NAN	NAN	
1,212	0,55	0,1581	NAN	NAN	
1,214	0,55	0,165	0,15021	NAN	
1,216	0,55	0,1509	NAN	NAN	
1,218	0,555	0,13725	NAN	NAN	
1,22	0,555	0,13995	NAN	NAN	
1,222	0,555	0,15855	NAN	NAN	
1,224	0,555	0,165	0,15033	NAN	
1,226	0,555	0,1509	NAN	NAN	
1,228	0,555	0,13725	NAN	NAN	
1,23	0,56	0,13995	NAN	NAN	
1,232	0,56	0,15825	NAN	NAN	
1,234	0,56	0,165	0,15027	NAN	
1,236	0,56	0,15105	NAN	NAN	
1,238	0,56	0,1371	NAN	NAN	
1,24	0,565	0,1401	NAN	NAN	
1,242	0,565	0,1581	NAN	NAN	
1,244	0,565	0,165	0,15027	NAN	
1,246	0,565	0,1509	NAN	NAN	
1,248	0,565	0,13725	NAN	NAN	
1,25	0,57	0,13995	NAN	NAN	
1,252	0,57	0,15795	NAN	NAN	
1,254	0,57	0,16515	0,15018	NAN	
1,256	0,57	0,1509	NAN	NAN	
1,258	0,57	0,13695	NAN	NAN	
1,26	0,57	0,13995	NAN	NAN	
1,262	0,565	0,15795	NAN	NAN	
1,264	0,565	0,16515	0,15027	NAN	
1,266	0,565	0,15105	NAN	NAN	
1,268	0,565	0,13725	NAN	NAN	
1,27	0,565	0,1401	NAN	NAN	
1,272	0,56	0,15825	NAN	NAN	
1,274	0,56	0,165	0,15042	NAN	
1,276	0,56	0,15135	NAN	NAN	
1,278	0,56	0,1374	NAN	NAN	
1,28	0,56	0,13995	NAN	NAN	
1,282	0,56	0,1581	NAN	NAN	
1,284	0,555	0,16545	0,15042	NAN	
1,286	0,555	0,15135	NAN	NAN	
1,288	0,555	0,13725	NAN	NAN	
1,29	0,555	0,1401	NAN	NAN	
1,292	0,555	0,15795	NAN	NAN	
1,294	0,55	0,1653	0,15039	NAN	
1,296	0,55	0,15135	NAN	NAN	
1,298	0,55	0,13725	NAN	NAN	
1,3	0,55	0,13995	NAN	NAN	
1,302	0,55	0,1581	NAN	NAN	
1,304	0,55	0,16545	0,15045	NAN	
1,306	0,545	0,15135	NAN	NAN	
1,308	0,545	0,1374	NAN	NAN	
1,31	0,545	0,13995	NAN	NAN	
1,312	0,545	0,1581	NAN	NAN	
1,314	0,545	0,16545	0,15042	NAN	
1,316	0,54	0,1512	NAN	NAN	
1,318	0,54	0,1374	NAN	NAN	
1,32	0,54	0,1401	NAN	NAN	
1,322	0,54	0,15765	NAN	NAN	
1,324	0,54	0,1653	0,15033	NAN	
1,326	0,54	0,15135	NAN	NAN	
1,328	0,535	0,13725	NAN	NAN	
1,33	0,535	0,13995	NAN	NAN	
1,332	0,535	0,1578	NAN	NAN	
1,334	0,535	0,1653	0,15027	NAN	
1,336	0,535	0,15105	NAN	NAN	
1,338	0,53	0,13725	NAN	NAN	
1,34	0,53	0,1398	NAN	NAN	
1,342	0,53	0,1578	NAN	NAN	
1,344	0,53	0,1653	0,15027	NAN	
1,346	0,53	0,1512	NAN	NAN	
1,348	0,53	0,13725	NAN	NAN	
1,35	0,525	0,1398	NAN	NAN	
1,352	0,525	0,1575	NAN	NAN	
1,354	0,525	0,16515	0,15024	NAN	
1,356	0,525	0,1515	NAN	NAN	
1,358	0,525	0,13725	NAN	NAN	
1,36	0,52	0,1398	NAN	NAN	
1,362	0,52	0,15765	NAN	NAN	
1,364	0,52	0,16515	0,15021	NAN	
1,366	0,52	0,1512	NAN	NAN	
1,368	0,52	0,13725	NAN	NAN	
1,37	0,52	0,13965	NAN	NAN	
1,372	0,515	0,15765	NAN	NAN	
1,374	0,515	0,16515	0,15024	NAN	
1,376	0,515	0,15135	NAN	NAN	
1,378	0,515	0,1374	NAN	NAN	
1,38	0,515	0,1398	NAN	NAN	
1,382	0,51	0,1575	NAN	NAN	
1,384	0,51	0,16515	0,15027	NAN	
1,386	0,51	0,1515	NAN	NAN	
1,388	0,51	0,1374	NAN	NAN	
1,39	0,51	0,13965	NAN	NAN	
1,392	0,51	0,15735	NAN	NAN	
1,394	0,505	0,1653	0,15024	NAN	
1,396	0,505	0,15135	NAN	NAN	
1,398	0,505	0,13755	NAN	NAN	
1,4	0,505	0,1398	NAN	NAN	
1,402	0,505	0,1575	NAN	NAN	
1,404	0,5	0,1653	0,1503	NAN	
1,406	0,5	0,1515	NAN	NAN	
1,408	0,5	0,1374	NAN	NAN	
1,41	0,5	0,1398	NAN	NAN	
1,412	0,5	0,1575	NAN	NAN	
1,414	0,5	0,16545	0,15033	NAN	
1,416	0,495	0,1515	NAN	NAN	
1,418	0,495	0,1374	NAN	NAN	
1,42	0,495	0,13995	NAN	NAN	
1,422	0,495	0,1575	NAN	NAN	
1,424	0,495	0,1653	0,15042	NAN	
1,426	0,49	0,15165	NAN	NAN	
1,428	0,49	0,1377	NAN	NAN	
1,43	0,49	0,13995	NAN	NAN	
1,432	0,49	0,15735	NAN	NAN	
1,434	0,49	0,1653	0,1503	NAN	
1,436	0,49	0,15165	NAN	NAN	
1,438	0,485	0,13725	NAN	NAN	
1,44	0,485	0,1398	NAN	NAN	
1,442	0,485	0,15735	NAN	NAN	
1,444	0,485	0,1653	0,1503	NAN	
1,446	0,485	0,1518	NAN	NAN	
1,448	0,48	0,13725	NAN	NAN	
1,45	0,48	0,13965	NAN	NAN	
1,452	0,48	0,15705	NAN	NAN	
1,454	0,48	0,16515	0,15021	NAN	
1,456	0,48	0,15195	NAN	NAN	
1,458	0,48	0,13725	NAN	NAN	
1,46	0,475	0,13995	NAN	NAN	
1,462	0,475	0,15735	NAN	NAN	
1,464	0,475	0,1653	0,15036	NAN	
1,466	0,475	0,15195	NAN	NAN	
1,468	0,475	0,13725	NAN	NAN	
1,47	0,47	0,1398	NAN	NAN	
1,472	0,47	0,15705	NAN	NAN	
1,474	0,47	0,1653	0,1503	NAN	
1,476	0,47	0,1521	NAN	NAN	
1,478	0,47	0,13725	NAN	NAN	
1,48	0,47	0,1398	NAN	NAN	
1,482	0,465	0,1572	NAN	NAN	
1,484	0,465	0,165	0,1503	NAN	
1,486	0,465	0,15225	NAN	NAN	
1,488	0,465	0,13725	NAN	NAN	
1,49	0,465	0,1398	NAN	NAN	
1,492	0,46	0,15735	NAN	NAN	
1,494	0,46	0,16545	0,15042	NAN	
1,496	0,46	0,1524	NAN	NAN	
1,498	0,46	0,1371	NAN	NAN	
1,5	0,46	0,13995	NAN	NAN	
1,502	0,46	0,1572	NAN	NAN	
1,504	0,455	0,1656	0,15054	NAN	
1,506	0,455	0,15255	NAN	NAN	
1,508	0,455	0,1374	NAN	NAN	
1,51	0,455	0,1398	NAN	NAN	
1,512	0,455	0,1572	NAN	NAN	
1,514	0,45	0,16545	0,15042	NAN	
1,516	0,45	0,15255	NAN	NAN	
1,518	0,45	0,1371	NAN	NAN	
1,52	0,45	0,1398	NAN	NAN	
1,522	0,45	0,1572	NAN	NAN	
1,524	0,45	0,1656	0,15054	NAN	
1,526	0,445	0,1527	NAN	NAN	
1,528	0,445	0,1374	NAN	NAN	
1,53	0,445	0,13965	NAN	NAN	
1,532	0,445	0,1575	NAN	NAN	
1,534	0,445	0,1653	0,15045	NAN	
1,536	0,44	0,15255	NAN	NAN	
1,538	0,44	0,13725	NAN	NAN	
1,54	0,44	0,1398	NAN	NAN	
1,542	0,44	0,1575	NAN	NAN	
1,544	0,44	0,1656	0,15066	NAN	
1,546	0,44	0,15285	NAN	NAN	
1,548	0,435	0,13755	NAN	NAN	
1,55	0,435	0,1398	NAN	NAN	
1,552	0,435	0,15765	NAN	NAN	
1,554	0,435	0,16545	0,15066	NAN	
1,556	0,435	0,1527	NAN	NAN	
1,558	0,43	0,1377	NAN	NAN	
1,56	0,43	0,1398	NAN	NAN	
1,562	0,43	0,15735	NAN	NAN	
1,564	0,43	0,1653	0,15051	NAN	
1,566	0,43	0,15255	NAN	NAN	
1,568	0,425	0,13755	NAN	NAN	
1,57	0,425	0,1395	NAN	NAN	
1,572	0,425	0,15735	NAN	NAN	
1,574	0,425	0,1653	0,15048	NAN	
1,576	0,425	0,1527	NAN	NAN	
1,578	0,425	0,13755	NAN	NAN	
1,58	0,42	0,1395	NAN	NAN	
1,582	0,42	0,15765	NAN	NAN	
1,584	0,42	0,1653	0,15057	NAN	
1,586	0,42	0,15285	NAN	NAN	
1,588	0,42	0,13755	NAN	NAN	
1,59	0,415	0,1395	NAN	NAN	
1,592	0,415	0,15735	NAN	NAN	
1,594	0,415	0,16515	0,15051	NAN	
1,596	0,415	0,1527	NAN	NAN	
1,598	0,415	0,13785	NAN	NAN	
1,6	0,415	0,1395	NAN	NAN	
1,602	0,41	0,15735	NAN	NAN	
1,604	0,41	0,1653	0,15051	NAN	
1,606	0,41	0,1527	NAN	NAN	
1,608	0,41	0,1377	NAN	NAN	
1,61	0,41	0,13935	NAN	NAN	
1,612	0,405	0,1575	NAN	NAN	
1,614	0,405	0,1653	0,15048	NAN	
1,616	0,405	0,1527	NAN	NAN	
1,618	0,405	0,13755	NAN	NAN	
1,62	0,405	0,1392	NAN	NAN	
1,622	0,405	0,1572	NAN	NAN	
1,624	0,4	0,16515	0,15033	NAN	
1,626	0,4	0,1524	NAN	NAN	
1,628	0,4	0,1377	NAN	NAN	
1,63	0,4	0,1389	NAN	NAN	
1,632	0,4	0,15735	NAN	NAN	
1,634	0,395	0,1653	0,15036	NAN	
1,636	0,395	0,1524	NAN	NAN	
1,638	0,395	0,13785	NAN	NAN	
1,64	0,395	0,13905	NAN	NAN	
1,642	0,395	0,15705	NAN	NAN	
1,644	0,395	0,1656	0,15039	NAN	
1,646	0,39	0,15255	NAN	NAN	
1,648	0,39	0,1377	NAN	NAN	
1,65	0,39	0,1389	NAN	NAN	
1,652	0,39	0,1569	NAN	NAN	
1,654	0,39	0,1656	0,15033	NAN	
1,656	0,385	0,15255	NAN	NAN	
1,658	0,385	0,1377	NAN	NAN	
1,66	0,385	0,1389	NAN	NAN	
1,662	0,385	0,15675	NAN	NAN	
1,664	0,385	0,1653	0,15021	NAN	
1,666	0,385	0,15255	NAN	NAN	
1,668	0,38	0,13755	NAN	NAN	
1,67	0,38	0,13905	NAN	NAN	
1,672	0,38	0,15675	NAN	NAN	
1,674	0,38	0,1656	0,15036	NAN	
1,676	0,38	0,15255	NAN	NAN	
1,678	0,375	0,13785	NAN	NAN	
1,68	0,375	0,1389	NAN	NAN	
1,682	0,375	0,1569	NAN	NAN	
1,684	0,375	0,16545	0,15036	NAN	
1,686	0,375	0,15255	NAN	NAN	
1,688	0,375	0,138	NAN	NAN	
1,69	0,37	0,1389	NAN	NAN	
1,692	0,37	0,1566	NAN	NAN	
1,694	0,37	0,1656	0,15033	NAN	
1,696	0,37	0,1527	NAN	NAN	
1,698	0,37	0,13785	NAN	NAN	
1,7	0,365	0,13875	NAN	NAN	
1,702	0,365	0,1566	NAN	NAN	
1,704	0,365	0,1656	0,1503	NAN	
1,706	0,365	0,15285	NAN	NAN	
1,708	0,365	0,1377	NAN	NAN	
1,71	0,365	0,1389	NAN	NAN	
1,712	0,36	0,1563	NAN	NAN	
1,714	0,36	0,16545	0,15009	NAN	
1,716	0,36	0,15225	NAN	NAN	
1,718	0,36	0,13755	NAN	NAN	
1,72	0,36	0,13875	NAN	NAN	
1,722	0,355	0,1566	NAN	NAN	
1,724	0,355	0,1656	0,15027	NAN	
1,726	0,355	0,15255	NAN	NAN	
1,728	0,355	0,13785	NAN	NAN	
1,73	0,355	0,13905	NAN	NAN	
1,732	0,355	0,1566	NAN	NAN	
1,734	0,35	0,1656	0,15033	NAN	
1,736	0,35	0,1527	NAN	NAN	
1,738	0,35	0,1377	NAN	NAN	
1,74	0,35	0,1392	NAN	NAN	
1,742	0,35	0,1563	NAN	NAN	
1,744	0,345	0,1656	0,15036	NAN	
1,746	0,345	0,153	NAN	NAN	
1,748	0,345	0,1377	NAN	NAN	
1,75	0,345	0,1389	NAN	NAN	
1,752	0,345	0,1557	NAN	NAN	
1,754	0,345	0,16575	0,15021	NAN	
1,756	0,34	0,15285	NAN	NAN	
1,758	0,34	0,13785	NAN	NAN	
1,76	0,34	0,13905	NAN	NAN	
1,762	0,34	0,1563	NAN	NAN	
1,764	0,34	0,1659	0,15042	NAN	
1,766	0,335	0,153	NAN	NAN	
1,768	0,335	0,13785	NAN	NAN	
1,77	0,335	0,1392	NAN	NAN	
1,772	0,335	0,1563	NAN	NAN	
1,774	0,335	0,1659	0,15039	NAN	
1,776	0,335	0,153	NAN	NAN	
1,778	0,33	0,13755	NAN	NAN	
1,78	0,33	0,1392	NAN	NAN	
1,782	0,33	0,15585	NAN	NAN	
1,784	0,33	0,16575	0,15024	NAN	
1,786	0,33	0,1527	NAN	NAN	
1,788	0,325	0,1377	NAN	NAN	
1,79	0,325	0,1392	NAN	NAN	
1,792	0,325	0,1557	NAN	NAN	
1,794	0,325	0,16575	0,15027	NAN	
1,796	0,325	0,15315	NAN	NAN	
1,798	0,325	0,13755	NAN	NAN	
1,8	0,32	0,13905	NAN	NAN	
1,802	0,32	0,156	NAN	NAN	
1,804	0,32	0,16575	0,1503	NAN	
1,806	0,32	0,153	NAN	NAN	
1,808	0,32	0,1377	NAN	NAN	
1,81	0,315	0,1392	NAN	NAN	
1,812	0,315	0,156	NAN	NAN	
1,814	0,315	0,1656	0,15036	NAN	
1,816	0,315	0,1533	NAN	NAN	
1,818	0,315	0,1377	NAN	NAN	
1,82	0,315	0,13905	NAN	NAN	
1,822	0,31	0,15615	NAN	NAN	
1,824	0,31	0,1659	0,15045	NAN	
1,826	0,31	0,1533	NAN	NAN	
1,828	0,31	0,13785	NAN	NAN	
1,83	0,31	0,1392	NAN	NAN	
1,832	0,305	0,1557	NAN	NAN	
1,834	0,305	0,1656	0,15033	NAN	
1,836	0,305	0,1533	NAN	NAN	
1,838	0,305	0,13785	NAN	NAN	
1,84	0,305	0,1392	NAN	NAN	
1,842	0,305	0,15585	NAN	NAN	
1,844	0,3	0,16575	0,15042	NAN	
1,846	0,3	0,15345	NAN	NAN	
1,848	0,3	0,13785	NAN	NAN	
1,85	0,3	0,13935	NAN	NAN	
1,852	0,3	0,1557	NAN	NAN	
1,854	0,295	0,1656	0,15033	NAN	
1,856	0,295	0,1533	NAN	NAN	
1,858	0,295	0,1377	NAN	NAN	
1,86	0,295	0,1389	NAN	NAN	
1,862	0,295	0,1557	NAN	NAN	
1,864	0,295	0,1656	0,15021	NAN	
1,866	0,29	0,1533	NAN	NAN	
1,868	0,29	0,13755	NAN	NAN	
1,87	0,29	0,13875	NAN	NAN	
1,872	0,29	0,15555	NAN	NAN	
1,874	0,29	0,16515	0,15012	NAN	
1,876	0,285	0,15345	NAN	NAN	
1,878	0,285	0,1377	NAN	NAN	
1,88	0,285	0,1389	NAN	NAN	
1,882	0,285	0,15555	NAN	NAN	
1,884	0,285	0,16545	0,15021	NAN	
1,886	0,28	0,1536	NAN	NAN	
1,888	0,28	0,13755	NAN	NAN	
1,89	0,28	0,1389	NAN	NAN	
1,892	0,28	0,15555	NAN	NAN	
1,894	0,28	0,1653	0,15021	NAN	
1,896	0,28	0,15345	NAN	NAN	
1,898	0,275	0,13785	NAN	NAN	
1,9	0,275	0,1389	NAN	NAN	
1,902	0,275	0,1554	NAN	NAN	
1,904	0,275	0,16545	0,15021	NAN	
1,906	0,275	0,1536	NAN	NAN	
1,908	0,27	0,1377	NAN	NAN	
1,91	0,27	0,1389	NAN	NAN	
1,912	0,27	0,1554	NAN	NAN	
1,914	0,27	0,1653	0,15015	NAN	
1,916	0,27	0,15345	NAN	NAN	
1,918	0,27	0,1377	NAN	NAN	
1,92	0,265	0,1386	NAN	NAN	
1,922	0,265	0,15555	NAN	NAN	
1,924	0,265	0,16545	0,15018	NAN	
1,926	0,265	0,1536	NAN	NAN	
1,928	0,265	0,1377	NAN	NAN	
1,93	0,26	0,13875	NAN	NAN	
1,932	0,26	0,1554	NAN	NAN	
1,934	0,26	0,1653	0,15018	NAN	
1,936	0,26	0,15375	NAN	NAN	
1,938	0,26	0,1377	NAN	NAN	
1,94	0,26	0,13875	NAN	NAN	
1,942	0,255	0,1554	NAN	NAN	
1,944	0,255	0,16575	0,15027	NAN	
1,946	0,255	0,1539	NAN	NAN	
1,948	0,255	0,13755	NAN	NAN	
1,95	0,255	0,13875	NAN	NAN	
1,952	0,25	0,15525	NAN	NAN	
1,954	0,25	0,16515	0,15009	NAN	
1,956	0,25	0,1539	NAN	NAN	
1,958	0,25	0,1374	NAN	NAN	
1,96	0,25	0,13845	NAN	NAN	
1,962	0,25	0,1554	NAN	NAN	
1,964	0,245	0,16545	0,15012	NAN	
1,966	0,245	0,15375	NAN	NAN	
1,968	0,245	0,13755	NAN	NAN	
1,97	0,245	0,1386	NAN	NAN	
1,972	0,245	0,1554	NAN	NAN	
1,974	0,24	0,16545	0,15015	NAN	
1,976	0,24	0,15375	NAN	NAN	
1,978	0,24	0,13755	NAN	NAN	
1,98	0,24	0,13845	NAN	NAN	
1,982	0,24	0,15525	NAN	NAN	
1,984	0,24	0,1656	0,15015	NAN	
1,986	0,235	0,1539	NAN	NAN	
1,988	0,235	0,13755	NAN	NAN	
1,99	0,235	0,13845	NAN	NAN	
1,992	0,235	0,15525	NAN	NAN	
1,994	0,235	0,1656	0,15021	NAN	
1,996	0,23	0,1542	NAN	NAN	
1,998	0,23	0,13755	NAN	NAN	
2	0,23	0,1386	NAN	NAN	
2,002	0,23	0,1557	NAN	NAN	
2,004	0,23	0,16545	0,15021	NAN	
2,006	0,23	0,15375	NAN	NAN	
2,008	0,225	0,13755	NAN	NAN	
2,01	0,225	0,13845	NAN	NAN	
2,012	0,225	0,1554	NAN	NAN	
2,014	0,225	0,1653	0,15021	NAN	
2,016	0,225	0,1542	NAN	NAN	
2,018	0,22	0,1377	NAN	NAN	
2,02	0,22	0,1383	NAN	NAN	
2,022	0,22	0,15525	NAN	NAN	
2,024	0,22	0,16545	0,15021	NAN	
2,026	0,22	0,1542	NAN	NAN	
2,028	0,22	0,13785	NAN	NAN	
2,03	0,215	0,13845	NAN	NAN	
2,032	0,215	0,15555	NAN	NAN	
2,034	0,215	0,16515	0,15021	NAN	
2,036	0,215	0,15405	NAN	NAN	
2,038	0,215	0,13785	NAN	NAN	
2,04	0,21	0,13815	NAN	NAN	
2,042	0,21	0,15525	NAN	NAN	
2,044	0,21	0,1653	0,15009	NAN	
2,046	0,21	0,15405	NAN	NAN	
2,048	0,21	0,1377	NAN	NAN	
2,05	0,21	0,1383	NAN	NAN	
2,052	0,205	0,15525	NAN	NAN	
2,054	0,205	0,165	0,15006	NAN	
2,056	0,205	0,1539	NAN	NAN	
2,058	0,205	0,13785	NAN	NAN	
2,06	0,205	0,138	NAN	NAN	
2,062	0,2	0,1554	NAN	NAN	
2,064	0,2	0,1653	0,15009	NAN	
2,066	0,2	0,15405	NAN	NAN	
2,068	0,2	0,1377	NAN	NAN	
2,07	0,2	0,1383	NAN	NAN	
2,072	0,2	0,15525	NAN	NAN	
2,074	0,195	0,1653	0,15018	NAN	
2,076	0,195	0,1542	NAN	NAN	
2,078	0,195	0,13785	NAN	NAN	
2,08	0,195	0,13815	NAN	NAN	
2,082	0,195	0,1551	NAN	NAN	
2,084	0,19	0,16545	0,15021	NAN	
2,086	0,19	0,15435	NAN	NAN	
2,088	0,19	0,138	NAN	NAN	
2,09	0,19	0,13815	NAN	NAN	
2,092	0,19	0,1551	NAN	NAN	
2,094	0,19	0,1653	0,15015	NAN	
2,096	0,185	0,15435	NAN	NAN	
2,098	0,185	0,13785	NAN	NAN	
2,1	0,185	0,13815	NAN	NAN	
2,102	0,185	0,15495	NAN	NAN	
2,104	0,185	0,16515	0,15003	NAN	
2,106	0,18	0,15405	NAN	NAN	
2,108	0,18	0,13785	NAN	NAN	
2,11	0,18	0,13785	NAN	NAN	
2,112	0,18	0,15495	NAN	NAN	
2,114	0,18	0,16515	0,15	NAN	
2,116	0,18	0,1542	NAN	NAN	
2,118	0,175	0,13785	NAN	NAN	
2,12	0,175	0,138	NAN	NAN	
2,122	0,175	0,15495	NAN	NAN	
2,124	0,175	0,16515	0,15003	NAN	
2,126	0,175	0,1542	NAN	NAN	
2,128	0,17	0,13785	NAN	NAN	
2,13	0,17	0,13755	NAN	NAN	
2,132	0,17	0,1548	NAN	NAN	
2,134	0,17	0,16485	0,14979	NAN	
2,136	0,17	0,1539	NAN	NAN	
2,138	0,17	0,13785	NAN	NAN	
2,14	0,165	0,1377	NAN	NAN	
2,142	0,165	0,1548	NAN	NAN	
2,144	0,165	0,16485	0,14979	NAN	
2,146	0,165	0,1539	NAN	NAN	
2,148	0,165	0,1377	NAN	NAN	
2,15	0,16	0,13755	NAN	NAN	
2,152	0,16	0,15465	NAN	NAN	
2,154	0,16	0,165	0,1497	NAN	
2,156	0,16	0,1539	NAN	NAN	
2,158	0,16	0,1374	NAN	NAN	
2,16	0,16	0,1374	NAN	NAN	
2,162	0,155	0,15465	NAN	NAN	
2,164	0,155	0,16485	0,14967	NAN	
2,166	0,155	0,15375	NAN	NAN	
2,168	0,155	0,1377	NAN	NAN	
2,17	0,155	0,13725	NAN	NAN	
2,172	0,15	0,15405	NAN	NAN	
2,174	0,15	0,1647	0,14946	NAN	
2,176	0,15	0,15375	NAN	NAN	
2,178	0,15	0,13755	NAN	NAN	
2,18	0,15	0,13725	NAN	NAN	
2,182	0,15	0,1545	NAN	NAN	
2,184	0,145	0,1647	0,14958	NAN	
2,186	0,145	0,15375	NAN	NAN	
2,188	0,145	0,1377	NAN	NAN	
2,19	0,145	0,13725	NAN	NAN	
2,192	0,145	0,1539	NAN	NAN	
2,194	0,14	0,16455	0,14934	NAN	
2,196	0,14	0,15375	NAN	NAN	
2,198	0,14	0,13725	NAN	NAN	
2,2	0,14	0,1371	NAN	NAN	
2,202	0,14	0,15405	NAN	NAN	
2,204	0,135	0,1644	0,14937	NAN	
2,206	0,135	0,15375	NAN	NAN	
2,208	0,135	0,13755	NAN	NAN	
2,21	0,135	0,13725	NAN	NAN	
2,212	0,135	0,15405	NAN	NAN	
2,214	0,135	0,1644	0,14937	NAN	
2,216	0,13	0,15375	NAN	NAN	
2,218	0,13	0,1374	NAN	NAN	
2,22	0,13	0,1371	NAN	NAN	
2,222	0,13	0,15405	NAN	NAN	
2,224	0,13	0,16425	0,14928	NAN	
2,226	0,125	0,15375	NAN	NAN	
2,228	0,125	0,13725	NAN	NAN	
2,23	0,125	0,1368	NAN	NAN	
2,232	0,125	0,15375	NAN	NAN	
2,234	0,125	0,1641	0,14913	NAN	
2,236	0,125	0,15375	NAN	NAN	
2,238	0,12	0,13725	NAN	NAN	
2,24	0,12	0,13695	NAN	NAN	
2,242	0,12	0,1539	NAN	NAN	
2,244	0,12	0,1641	0,14922	NAN	
2,246	0,12	0,15375	NAN	NAN	
2,248	0,115	0,1374	NAN	NAN	
2,25	0,115	0,13695	NAN	NAN	
2,252	0,115	0,1536	NAN	NAN	
2,254	0,115	0,1641	0,14916	NAN	
2,256	0,115	0,15375	NAN	NAN	
2,258	0,115	0,1374	NAN	NAN	
2,26	0,11	0,13665	NAN	NAN	
2,262	0,11	0,1536	NAN	NAN	
2,264	0,11	0,1641	0,14913	NAN	
2,266	0,11	0,1539	NAN	NAN	
2,268	0,11	0,1374	NAN	NAN	
2,27	0,105	0,13665	NAN	NAN	
2,272	0,105	0,15345	NAN	NAN	
2,274	0,105	0,16395	0,14898	NAN	
2,276	0,105	0,15345	NAN	NAN	
2,278	0,105	0,1374	NAN	NAN	
2,28	0,105	0,1365	NAN	NAN	
2,282	0,1	0,15315	NAN	NAN	
2,284	0,1	0,1638	0,14895	NAN	
2,286	0,1	0,15375	NAN	NAN	
2,288	0,1	0,13755	NAN	NAN	
2,29	0,1	0,13635	NAN	NAN	
2,292	0,095	0,15315	NAN	NAN	
2,294	0,095	0,16395	0,14883	NAN	
2,296	0,095	0,15345	NAN	NAN	
2,298	0,095	0,13725	NAN	NAN	
2,3	0,095	0,1362	NAN	NAN	
2,302	0,095	0,1533	NAN	NAN	
2,304	0,09	0,16425	0,14889	NAN	
2,306	0,09	0,15345	NAN	NAN	
2,308	0,09	0,13725	NAN	NAN	
2,31	0,09	0,1362	NAN	NAN	
2,312	0,09	0,1527	NAN	NAN	
2,314	0,085	0,1638	0,14871	NAN	
2,316	0,085	0,1536	NAN	NAN	
2,318	0,085	0,13725	NAN	NAN	
2,32	0,085	0,1362	NAN	NAN	
2,322	0,085	0,15285	NAN	NAN	
2,324	0,085	0,1641	0,14877	NAN	
2,326	0,08	0,1533	NAN	NAN	
2,328	0,08	0,1374	NAN	NAN	
2,33	0,08	0,1362	NAN	NAN	
2,332	0,08	0,15285	NAN	NAN	
2,334	0,08	0,16395	0,14877	NAN	
2,336	0,075	0,15345	NAN	NAN	
2,338	0,075	0,1374	NAN	NAN	
2,34	0,075	0,1362	NAN	NAN	
2,342	0,075	0,1524	NAN	NAN	
2,344	0,075	0,16395	0,14865	NAN	
2,346	0,075	0,15345	NAN	NAN	
2,348	0,07	0,13725	NAN	NAN	
2,35	0,07	0,13605	NAN	NAN	
2,352	0,07	0,15255	NAN	NAN	
2,354	0,07	0,16395	0,14871	NAN	
2,356	0,07	0,15375	NAN	NAN	
2,358	0,065	0,13725	NAN	NAN	
2,36	0,065	0,1362	NAN	NAN	
2,362	0,065	0,1527	NAN	NAN	
2,364	0,065	0,1641	0,14871	NAN	
2,366	0,065	0,1533	NAN	NAN	
2,368	0,065	0,13725	NAN	NAN	
2,37	0,06	0,1362	NAN	NAN	
2,372	0,06	0,15225	NAN	NAN	
2,374	0,06	0,1638	0,1485	NAN	
2,376	0,06	0,153	NAN	NAN	
2,378	0,06	0,13725	NAN	NAN	
2,38	0,055	0,1359	NAN	NAN	
2,382	0,055	0,1521	NAN	NAN	
2,384	0,055	0,1641	0,1485	NAN	
2,386	0,055	0,15315	NAN	NAN	
2,388	0,055	0,13725	NAN	NAN	
2,39	0,055	0,1359	NAN	NAN	
2,392	0,05	0,1521	NAN	NAN	
2,394	0,05	0,1638	0,14847	NAN	
2,396	0,05	0,1533	NAN	NAN	
2,398	0,05	0,13725	NAN	NAN	
2,4	0,05	0,13575	NAN	NAN	
2,402	0,045	0,15195	NAN	NAN	
2,404	0,045	0,16365	0,14829	NAN	
2,406	0,045	0,153	NAN	NAN	
2,408	0,045	0,1371	NAN	NAN	
2,41	0,045	0,13605	NAN	NAN	
2,412	0,045	0,1515	NAN	NAN	
2,414	0,04	0,1638	0,14835	NAN	
2,416	0,04	0,1533	NAN	NAN	
2,418	0,04	0,1371	NAN	NAN	
2,42	0,04	0,13605	NAN	NAN	
2,422	0,04	0,1515	NAN	NAN	
2,424	0,035	0,1641	0,14844	NAN	
2,426	0,035	0,15345	NAN	NAN	
2,428	0,035	0,1371	NAN	NAN	
2,43	0,035	0,13605	NAN	NAN	
2,432	0,035	0,1512	NAN	NAN	
2,434	0,035	0,1638	0,14838	NAN	
2,436	0,03	0,15345	NAN	NAN	
2,438	0,03	0,1374	NAN	NAN	
2,44	0,03	0,1362	NAN	NAN	
2,442	0,03	0,15105	NAN	NAN	
2,444	0,03	0,16365	0,14829	NAN	
2,446	0,025	0,15345	NAN	NAN	
2,448	0,025	0,1371	NAN	NAN	
2,45	0,025	0,1359	NAN	NAN	
2,452	0,025	0,1512	NAN	NAN	
2,454	0,025	0,1638	0,14835	NAN	
2,456	0,025	0,15375	NAN	NAN	
2,458	0,02	0,1371	NAN	NAN	
2,46	0,02	0,13605	NAN	NAN	
2,462	0,02	0,1512	NAN	NAN	
2,464	0,02	0,1638	0,14835	NAN	
2,466	0,02	0,15375	NAN	NAN	
2,468	0,015	0,13695	NAN	NAN	
2,47	0,015	0,1362	NAN	NAN	
2,472	0,015	0,15105	NAN	NAN	
2,474	0,015	0,1638	0,14835	NAN	
2,476	0,015	0,15375	NAN	NAN	
2,478	0,015	0,13695	NAN	NAN	
2,48	0,01	0,1362	NAN	NAN	
2,482	0,01	0,15105	NAN	NAN	
2,484	0,01	0,1638	0,14844	NAN	
2,486	0,01	0,15405	NAN	NAN	
2,488	0,01	0,1371	NAN	NAN	
2,49	0,005	0,13605	NAN	NAN	
2,492	0,005	0,15135	NAN	NAN	
2,494	0,005	0,1641	0,1485	NAN	
2,496	0,005	0,1539	NAN	NAN	
2,498	0,005	0,1371	NAN	NAN	
2,5	0	0,13635	NAN	NAN	
2,502	0	0,15135	NAN	NAN	
2,504	0	0,16395	0,14859	NAN	
2,506	0	0,15405	NAN	NAN	
2,508	0	0,13725	NAN	NAN	
2,51	0	0,1362	NAN	NAN	
2,512	-0,005	0,15105	NAN	NAN	
2,514	-0,005	0,16395	0,14841	NAN	
2,516	-0,005	0,15375	NAN	NAN	
2,518	-0,005	0,1371	NAN	NAN	
2,52	-0,005	0,13605	NAN	NAN	
2,522	-0,01	0,1509	NAN	NAN	
2,524	-0,01	0,16335	0,14826	NAN	
2,526	-0,01	0,1539	NAN	NAN	
2,528	-0,01	0,1371	NAN	NAN	
2,53	-0,01	0,1359	NAN	NAN	
2,532	-0,01	0,15105	NAN	NAN	
2,534	-0,015	0,16365	0,14838	NAN	
2,536	-0,015	0,1542	NAN	NAN	
2,538	-0,015	0,1371	NAN	NAN	
2,54	-0,015	0,1356	NAN	NAN	
2,542	-0,015	0,1512	NAN	NAN	
2,544	-0,02	0,1635	0,14832	NAN	
2,546	-0,02	0,1542	NAN	NAN	
2,548	-0,02	0,1371	NAN	NAN	
2,55	-0,02	0,13605	NAN	NAN	
2,552	-0,02	0,1512	NAN	NAN	
2,554	-0,02	0,16395	0,14856	NAN	
2,556	-0,025	0,1545	NAN	NAN	
2,558	-0,025	0,1371	NAN	NAN	
2,56	-0,025	0,13575	NAN	NAN	
2,562	-0,025	0,15105	NAN	NAN	
2,564	-0,025	0,16365	0,14838	NAN	
2,566	-0,03	0,1542	NAN	NAN	
2,568	-0,03	0,13725	NAN	NAN	
2,57	-0,03	0,1362	NAN	NAN	
2,572	-0,03	0,15135	NAN	NAN	
2,574	-0,03	0,1638	0,14865	NAN	
2,576	-0,03	0,15465	NAN	NAN	
2,578	-0,035	0,13725	NAN	NAN	
2,58	-0,035	0,1359	NAN	NAN	
2,582	-0,035	0,15105	NAN	NAN	
2,584	-0,035	0,1638	0,14847	NAN	
2,586	-0,035	0,15435	NAN	NAN	
2,588	-0,04	0,13725	NAN	NAN	
2,59	-0,04	0,1359	NAN	NAN	
2,592	-0,04	0,15105	NAN	NAN	
2,594	-0,04	0,1638	0,14856	NAN	
2,596	-0,04	0,1548	NAN	NAN	
2,598	-0,04	0,13725	NAN	NAN	
2,6	-0,045	0,1359	NAN	NAN	
2,602	-0,045	0,15135	NAN	NAN	
2,604	-0,045	0,16365	0,14859	NAN	
2,606	-0,045	0,1545	NAN	NAN	
2,608	-0,045	0,13755	NAN	NAN	
2,61	-0,05	0,1356	NAN	NAN	
2,612	-0,05	0,15105	NAN	NAN	
2,614	-0,05	0,1635	0,14838	NAN	
2,616	-0,05	0,1545	NAN	NAN	
2,618	-0,05	0,13725	NAN	NAN	
2,62	-0,05	0,1359	NAN	NAN	
2,622	-0,055	0,1512	NAN	NAN	
2,624	-0,055	0,16365	0,14853	NAN	
2,626	-0,055	0,1545	NAN	NAN	
2,628	-0,055	0,1374	NAN	NAN	
2,63	-0,055	0,1359	NAN	NAN	
2,632	-0,06	0,15105	NAN	NAN	
2,634	-0,06	0,1635	0,1485	NAN	
2,636	-0,06	0,15465	NAN	NAN	
2,638	-0,06	0,1374	NAN	NAN	
2,64	-0,06	0,13575	NAN	NAN	
2,642	-0,06	0,1512	NAN	NAN	
2,644	-0,065	0,1635	0,14853	NAN	
2,646	-0,065	0,15465	NAN	NAN	
2,648	-0,065	0,13755	NAN	NAN	
2,65	-0,065	0,13575	NAN	NAN	
2,652	-0,065	0,15105	NAN	NAN	
2,654	-0,07	0,16365	0,1485	NAN	
2,656	-0,07	0,15465	NAN	NAN	
2,658	-0,07	0,1374	NAN	NAN	
2,66	-0,07	0,1356	NAN	NAN	
2,662	-0,07	0,15135	NAN	NAN	
2,664	-0,07	0,1635	0,14853	NAN	
2,666	-0,075	0,15465	NAN	NAN	
2,668	-0,075	0,13755	NAN	NAN	
2,67	-0,075	0,1353	NAN	NAN	
2,672	-0,075	0,1512	NAN	NAN	
2,674	-0,075	0,1635	0,14853	NAN	
2,676	-0,08	0,1548	NAN	NAN	
2,678	-0,08	0,13785	NAN	NAN	
2,68	-0,08	0,13545	NAN	NAN	
2,682	-0,08	0,1509	NAN	NAN	
2,684	-0,08	0,16335	0,1485	NAN	
2,686	-0,08	0,15495	NAN	NAN	
2,688	-0,085	0,13785	NAN	NAN	
2,69	-0,085	0,13515	NAN	NAN	
2,692	-0,085	0,1509	NAN	NAN	
2,694	-0,085	0,16365	0,14841	NAN	
2,696	-0,085	0,15465	NAN	NAN	
2,698	-0,09	0,1377	NAN	NAN	
2,7	-0,09	0,13515	NAN	NAN	
2,702	-0,09	0,1506	NAN	NAN	
2,704	-0,09	0,1638	0,14844	NAN	
2,706	-0,09	0,1548	NAN	NAN	
2,708	-0,09	0,13785	NAN	NAN	
2,71	-0,095	0,13515	NAN	NAN	
2,712	-0,095	0,15075	NAN	NAN	
2,714	-0,095	0,16365	0,14847	NAN	
2,716	-0,095	0,1548	NAN	NAN	
2,718	-0,095	0,138	NAN	NAN	
2,72	-0,1	0,13515	NAN	NAN	
2,722	-0,1	0,1506	NAN	NAN	
2,724	-0,1	0,1635	0,14832	NAN	
2,726	-0,1	0,1545	NAN	NAN	
2,728	-0,1	0,13785	NAN	NAN	
2,73	-0,1	0,13515	NAN	NAN	
2,732	-0,105	0,1506	NAN	NAN	
2,734	-0,105	0,1635	0,14835	NAN	
2,736	-0,105	0,1545	NAN	NAN	
2,738	-0,105	0,138	NAN	NAN	
2,74	-0,105	0,135	NAN	NAN	
2,742	-0,11	0,15045	NAN	NAN	
2,744	-0,11	0,1635	0,14826	NAN	
2,746	-0,11	0,1545	NAN	NAN	
2,748	-0,11	0,13785	NAN	NAN	
2,75	-0,11	0,135	NAN	NAN	
2,752	-0,11	0,15015	NAN	NAN	
2,754	-0,115	0,16335	0,1482	NAN	
2,756	-0,115	0,15465	NAN	NAN	
2,758	-0,115	0,13785	NAN	NAN	
2,76	-0,115	0,135	NAN	NAN	
2,762	-0,115	0,15045	NAN	NAN	
2,764	-0,12	0,16365	0,14826	NAN	
2,766	-0,12	0,15435	NAN	NAN	
2,768	-0,12	0,13785	NAN	NAN	
2,77	-0,12	0,135	NAN	NAN	
2,772	-0,12	0,15015	NAN	NAN	
2,774	-0,12	0,1635	0,14817	NAN	
2,776	-0,125	0,15435	NAN	NAN	
2,778	-0,125	0,13785	NAN	NAN	
2,78	-0,125	0,13515	NAN	NAN	
2,782	-0,125	0,15	NAN	NAN	
2,784	-0,125	0,1638	0,14829	NAN	
2,786	-0,13	0,1545	NAN	NAN	
2,788	-0,13	0,138	NAN	NAN	
2,79	-0,13	0,13485	NAN	NAN	
2,792	-0,13	0,1503	NAN	NAN	
2,794	-0,13	0,16365	0,14826	NAN	
2,796	-0,13	0,15465	NAN	NAN	
2,798	-0,135	0,13785	NAN	NAN	
2,8	-0,135	0,13515	NAN	NAN	
2,802	-0,135	0,15	NAN	NAN	
2,804	-0,135	0,1638	0,14829	NAN	
2,806	-0,135	0,1545	NAN	NAN	
2,808	-0,14	0,138	NAN	NAN	
2,81	-0,14	0,13515	NAN	NAN	
2,812	-0,14	0,14985	NAN	NAN	
2,814	-0,14	0,16395	0,14835	NAN	
2,816	-0,14	0,15465	NAN	NAN	
2,818	-0,145	0,13815	NAN	NAN	
2,82	-0,145	0,13515	NAN	NAN	
2,822	-0,145	0,1497	NAN	NAN	
2,824	-0,145	0,16365	0,14817	NAN	
2,826	-0,145	0,1545	NAN	NAN	
2,828	-0,145	0,13785	NAN	NAN	
2,83	-0,15	0,13485	NAN	NAN	
2,832	-0,15	0,1497	NAN	NAN	
2,834	-0,15	0,1635	0,14811	NAN	
2,836	-0,15	0,15465	NAN	NAN	
2,838	-0,15	0,13785	NAN	NAN	
2,84	-0,155	0,13515	NAN	NAN	
2,842	-0,155	0,1494	NAN	NAN	
2,844	-0,155	0,16365	0,14817	NAN	
2,846	-0,155	0,15465	NAN	NAN	
2,848	-0,155	0,138	NAN	NAN	
2,85	-0,155	0,135	NAN	NAN	
2,852	-0,16	0,1494	NAN	NAN	
2,854	-0,16	0,16365	0,14817	NAN	
2,856	-0,16	0,1548	NAN	NAN	
2,858	-0,16	0,138	NAN	NAN	
2,86	-0,16	0,13485	NAN	NAN	
2,862	-0,165	0,1491	NAN	NAN	
2,864	-0,165	0,16365	0,14805	NAN	
2,866	-0,165	0,15465	NAN	NAN	
2,868	-0,165	0,138	NAN	NAN	
2,87	-0,165	0,13515	NAN	NAN	
2,872	-0,165	0,1494	NAN	NAN	
2,874	-0,17	0,16365	0,1482	NAN	
2,876	-0,17	0,15465	NAN	NAN	
2,878	-0,17	0,13815	NAN	NAN	
2,88	-0,17	0,13485	NAN	NAN	
2,882	-0,17	0,1494	NAN	NAN	
2,884	-0,175	0,16365	0,14802	NAN	
2,886	-0,175	0,1545	NAN	NAN	
2,888	-0,175	0,1377	NAN	NAN	
2,89	-0,175	0,13485	NAN	NAN	
2,892	-0,175	0,14895	NAN	NAN	
2,894	-0,175	0,1635	0,14796	NAN	
2,896	-0,18	0,1545	NAN	NAN	
2,898	-0,18	0,138	NAN	NAN	
2,9	-0,18	0,135	NAN	NAN	
2,902	-0,18	0,1491	NAN	NAN	
2,904	-0,18	0,1635	0,14796	NAN	
2,906	-0,185	0,1545	NAN	NAN	
2,908	-0,185	0,1377	NAN	NAN	
2,91	-0,185	0,135	NAN	NAN	
2,912	-0,185	0,14895	NAN	NAN	
2,914	-0,185	0,16335	0,14802	NAN	
2,916	-0,185	0,15495	NAN	NAN	
2,918	-0,19	0,13785	NAN	NAN	
2,92	-0,19	0,13455	NAN	NAN	
2,922	-0,19	0,14865	NAN	NAN	
2,924	-0,19	0,1635	0,14787	NAN	
2,926	-0,19	0,1548	NAN	NAN	
2,928	-0,195	0,13785	NAN	NAN	
2,93	-0,195	0,1347	NAN	NAN	
2,932	-0,195	0,14865	NAN	NAN	
2,934	-0,195	0,16335	0,14784	NAN	
2,936	-0,195	0,15495	NAN	NAN	
2,938	-0,195	0,13755	NAN	NAN	
2,94	-0,2	0,13485	NAN	NAN	
2,942	-0,2	0,14865	NAN	NAN	
2,944	-0,2	0,16335	0,14778	NAN	
2,946	-0,2	0,1545	NAN	NAN	
2,948	-0,2	0,13755	NAN	NAN	
2,95	-0,205	0,1347	NAN	NAN	
2,952	-0,205	0,1485	NAN	NAN	
2,954	-0,205	0,16305	0,14766	NAN	
2,956	-0,205	0,1545	NAN	NAN	
2,958	-0,205	0,13755	NAN	NAN	
2,96	-0,205	0,1347	NAN	NAN	
2,962	-0,21	0,14835	NAN	NAN	
2,964	-0,21	0,16305	0,14772	NAN	
2,966	-0,21	0,15465	NAN	NAN	
2,968	-0,21	0,13785	NAN	NAN	
2,97	-0,21	0,1347	NAN	NAN	
2,972	-0,215	0,14835	NAN	NAN	
2,974	-0,215	0,16305	0,14769	NAN	
2,976	-0,215	0,15465	NAN	NAN	
2,978	-0,215	0,1377	NAN	NAN	
2,98	-0,215	0,1347	NAN	NAN	
2,982	-0,215	0,14835	NAN	NAN	
2,984	-0,22	0,16305	0,14763	NAN	
2,986	-0,22	0,1545	NAN	NAN	
2,988	-0,22	0,13755	NAN	NAN	
2,99	-0,22	0,1344	NAN	NAN	
2,992	-0,22	0,1482	NAN	NAN	
2,994	-0,225	0,1629	0,14751	NAN	
2,996	-0,225	0,15465	NAN	NAN	
2,998	-0,225	0,1374	NAN	NAN	
3	-0,225	0,1344	NAN	NAN	
3,002	-0,225	0,14805	NAN	NAN	
3,004	-0,225	0,16305	0,14751	NAN	
3,006	-0,23	0,15465	NAN	NAN	
3,008	-0,23	0,1374	NAN	NAN	
3,01	-0,23	0,1344	NAN	NAN	
3,012	-0,23	0,14775	NAN	NAN	
3,014	-0,23	0,16245	0,14733	NAN	
3,016	-0,235	0,1548	NAN	NAN	
3,018	-0,235	0,13725	NAN	NAN	
3,02	-0,235	0,1341	NAN	NAN	
3,022	-0,235	0,1476	NAN	NAN	
3,024	-0,235	0,16275	0,1473	NAN	
3,026	-0,235	0,15495	NAN	NAN	
3,028	-0,24	0,1371	NAN	NAN	
3,03	-0,24	0,1341	NAN	NAN	
3,032	-0,24	0,1476	NAN	NAN	
3,034	-0,24	0,16245	0,14718	NAN	
3,036	-0,24	0,1545	NAN	NAN	
3,038	-0,245	0,13725	NAN	NAN	
3,04	-0,245	0,1338	NAN	NAN	
3,042	-0,245	0,14745	NAN	NAN	
3,044	-0,245	0,1626	0,14715	NAN	
3,046	-0,245	0,15465	NAN	NAN	
3,048	-0,245	0,13725	NAN	NAN	
3,05	-0,25	0,13395	NAN	NAN	
3,052	-0,25	0,14775	NAN	NAN	
3,054	-0,25	0,16245	0,14718	NAN	
3,056	-0,25	0,15465	NAN	NAN	
3,058	-0,25	0,1371	NAN	NAN	
3,06	-0,255	0,13365	NAN	NAN	
3,062	-0,255	0,14745	NAN	NAN	
3,064	-0,255	0,16185	0,14685	NAN	
3,066	-0,255	0,1545	NAN	NAN	
3,068	-0,255	0,1368	NAN	NAN	
3,07	-0,255	0,13395	NAN	NAN	
3,072	-0,26	0,14715	NAN	NAN	
3,074	-0,26	0,1617	0,14679	NAN	
3,076	-0,26	0,15435	NAN	NAN	
3,078	-0,26	0,1368	NAN	NAN	
3,08	-0,26	0,1335	NAN	NAN	
3,082	-0,265	0,1473	NAN	NAN	
3,084	-0,265	0,16155	0,14667	NAN	
3,086	-0,265	0,1542	NAN	NAN	
3,088	-0,265	0,1368	NAN	NAN	
3,09	-0,265	0,1335	NAN	NAN	
3,092	-0,265	0,14685	NAN	NAN	
3,094	-0,27	0,1614	0,14646	NAN	
3,096	-0,27	0,15405	NAN	NAN	
3,098	-0,27	0,1365	NAN	NAN	
3,1	-0,27	0,13335	NAN	NAN	
3,102	-0,27	0,1467	NAN	NAN	
3,104	-0,275	0,1614	0,1464	NAN	
3,106	-0,275	0,15435	NAN	NAN	
3,108	-0,275	0,1362	NAN	NAN	
3,11	-0,275	0,13305	NAN	NAN	
3,112	-0,275	0,14655	NAN	NAN	
3,114	-0,275	0,1614	0,14625	NAN	
3,116	-0,28	0,15405	NAN	NAN	
3,118	-0,28	0,1362	NAN	NAN	
3,12	-0,28	0,13305	NAN	NAN	
3,122	-0,28	0,14625	NAN	NAN	
3,124	-0,28	0,1608	0,14598	NAN	
3,126	-0,285	0,15375	NAN	NAN	
3,128	-0,285	0,13605	NAN	NAN	
3,13	-0,285	0,1329	NAN	NAN	
3,132	-0,285	0,1464	NAN	NAN	
3,134	-0,285	0,1608	0,14589	NAN	
3,136	-0,29	0,1533	NAN	NAN	
3,138	-0,29	0,13605	NAN	NAN	
3,14	-0,29	0,1326	NAN	NAN	
3,142	-0,29	0,1461	NAN	NAN	
3,144	-0,29	0,16095	0,14583	NAN	
3,146	-0,29	0,1536	NAN	NAN	
3,148	-0,295	0,1359	NAN	NAN	
3,15	-0,295	0,1323	NAN	NAN	
3,152	-0,295	0,1458	NAN	NAN	
3,154	-0,295	0,1602	0,14538	NAN	
3,156	-0,295	0,1533	NAN	NAN	
3,158	-0,3	0,1353	NAN	NAN	
3,16	-0,3	0,132	NAN	NAN	
3,162	-0,3	0,1455	NAN	NAN	
3,164	-0,3	0,15975	0,14523	NAN	
3,166	-0,3	0,15315	NAN	NAN	
3,168	-0,3	0,13575	NAN	NAN	
3,17	-0,305	0,13215	NAN	NAN	
3,172	-0,305	0,1455	NAN	NAN	
3,174	-0,305	0,15975	0,1452	NAN	
3,176	-0,305	0,153	NAN	NAN	
3,178	-0,305	0,1356	NAN	NAN	
3,18	-0,31	0,13155	NAN	NAN	
3,182	-0,31	0,14505	NAN	NAN	
3,184	-0,31	0,1596	0,14484	NAN	
3,186	-0,31	0,1527	NAN	NAN	
3,188	-0,31	0,1353	NAN	NAN	
3,19	-0,31	0,1317	NAN	NAN	
3,192	-0,315	0,1446	NAN	NAN	
3,194	-0,315	0,15945	0,14463	NAN	
3,196	-0,315	0,1524	NAN	NAN	
3,198	-0,315	0,135	NAN	NAN	
3,2	-0,315	0,1314	NAN	NAN	
3,202	-0,32	0,14445	NAN	NAN	
3,204	-0,32	0,15885	0,14439	NAN	
3,206	-0,32	0,15255	NAN	NAN	
3,208	-0,32	0,1347	NAN	NAN	
3,21	-0,32	0,1311	NAN	NAN	
3,212	-0,32	0,14445	NAN	NAN	
3,214	-0,325	0,15885	0,14433	NAN	
3,216	-0,325	0,1524	NAN	NAN	
3,218	-0,325	0,13485	NAN	NAN	
3,22	-0,325	0,13095	NAN	NAN	
3,222	-0,325	0,1443	NAN	NAN	
3,224	-0,33	0,1584	0,14403	NAN	
3,226	-0,33	0,1521	NAN	NAN	
3,228	-0,33	0,1344	NAN	NAN	
3,23	-0,33	0,13035	NAN	NAN	
3,232	-0,33	0,14415	NAN	NAN	
3,234	-0,33	0,1584	0,14379	NAN	
3,236	-0,335	0,15165	NAN	NAN	
3,238	-0,335	0,1344	NAN	NAN	
3,24	-0,335	0,1302	NAN	NAN	
3,242	-0,335	0,14355	NAN	NAN	
3,244	-0,335	0,1581	0,1434	NAN	
3,246	-0,34	0,1512	NAN	NAN	
3,248	-0,34	0,13395	NAN	NAN	
3,25	-0,34	0,1299	NAN	NAN	
3,252	-0,34	0,14325	NAN	NAN	
3,254	-0,34	0,15765	0,14322	NAN	
3,256	-0,34	0,1515	NAN	NAN	
3,258	-0,345	0,1338	NAN	NAN	
3,26	-0,345	0,1296	NAN	NAN	
3,262	-0,345	0,14295	NAN	NAN	
3,264	-0,345	0,1575	0,14292	NAN	
3,266	-0,345	0,1512	NAN	NAN	
3,268	-0,35	0,13335	NAN	NAN	
3,27	-0,35	0,129	NAN	NAN	
3,272	-0,35	0,14235	NAN	NAN	
3,274	-0,35	0,1572	0,14247	NAN	
3,276	-0,35	0,15045	NAN	NAN	
3,278	-0,35	0,13335	NAN	NAN	
3,28	-0,355	0,12855	NAN	NAN	
3,282	-0,355	0,1419	NAN	NAN	
3,284	-0,355	0,15645	0,14202	NAN	
3,286	-0,355	0,1503	NAN	NAN	
3,288	-0,355	0,1329	NAN	NAN	
3,29	-0,36	0,12795	NAN	NAN	
3,292	-0,36	0,14115	NAN	NAN	
3,294	-0,36	0,156	0,14145	NAN	
3,296	-0,36	0,14985	NAN	NAN	
3,298	-0,36	0,1323	NAN	NAN	
3,3	-0,36	0,12795	NAN	NAN	
3,302	-0,365	0,14085	NAN	NAN	
3,304	-0,365	0,1554	0,14112	NAN	
3,306	-0,365	0,14925	NAN	NAN	
3,308	-0,365	0,13215	NAN	NAN	
3,31	-0,365	0,1275	NAN	NAN	
3,312	-0,37	0,1401	NAN	NAN	
3,314	-0,37	0,1548	0,14052	NAN	
3,316	-0,37	0,14865	NAN	NAN	
3,318	-0,37	0,13155	NAN	NAN	
3,32	-0,37	0,1272	NAN	NAN	
3,322	-0,37	0,14025	NAN	NAN	
3,324	-0,375	0,1545	0,14031	NAN	
3,326	-0,375	0,1485	NAN	NAN	
3,328	-0,375	0,1311	NAN	NAN	
3,33	-0,375	0,12675	NAN	NAN	
3,332	-0,375	0,13995	NAN	NAN	
3,334	-0,38	0,15345	0,13968	NAN	
3,336	-0,38	0,1476	NAN	NAN	
3,338	-0,38	0,13065	NAN	NAN	
3,34	-0,38	0,12585	NAN	NAN	
3,342	-0,38	0,1389	NAN	NAN	
3,344	-0,38	0,15345	0,13905	NAN	
3,346	-0,385	0,14685	NAN	NAN	
3,348	-0,385	0,1302	NAN	NAN	
3,35	-0,385	0,12555	NAN	NAN	
3,352	-0,385	0,1386	NAN	NAN	
3,354	-0,385	0,1527	0,13842	NAN	
3,356	-0,39	0,1461	NAN	NAN	
3,358	-0,39	0,12915	NAN	NAN	
3,36	-0,39	0,1248	NAN	NAN	
3,362	-0,39	0,1374	NAN	NAN	
3,364	-0,39	0,15195	0,13773	NAN	
3,366	-0,39	0,14625	NAN	NAN	
3,368	-0,395	0,12825	NAN	NAN	
3,37	-0,395	0,12375	NAN	NAN	
3,372	-0,395	0,13665	NAN	NAN	
3,374	-0,395	0,1509	0,13677	NAN	
3,376	-0,395	0,1452	NAN	NAN	
3,378	-0,4	0,12735	NAN	NAN	
3,38	-0,4	0,12285	NAN	NAN	
3,382	-0,4	0,1353	NAN	NAN	
3,384	-0,4	0,15	0,13602	NAN	
3,386	-0,4	0,14445	NAN	NAN	
3,388	-0,4	0,1275	NAN	NAN	
3,39	-0,405	0,12165	NAN	NAN	
3,392	-0,405	0,1344	NAN	NAN	
3,394	-0,405	0,14865	0,13491	NAN	
3,396	-0,405	0,1434	NAN	NAN	
3,398	-0,405	0,12645	NAN	NAN	
3,4	-0,41	0,12075	NAN	NAN	
3,402	-0,41	0,1329	NAN	NAN	
3,404	-0,41	0,14745	0,13371	NAN	
3,406	-0,41	0,14205	NAN	NAN	
3,408	-0,41	0,1254	NAN	NAN	
3,41	-0,41	0,1206	NAN	NAN	
3,412	-0,415	0,13215	NAN	NAN	
3,414	-0,415	0,1461	0,13272	NAN	
3,416	-0,415	0,1407	NAN	NAN	
3,418	-0,415	0,12405	NAN	NAN	
3,42	-0,415	0,11955	NAN	NAN	
3,422	-0,42	0,1299	NAN	NAN	
3,424	-0,42	0,14445	0,13119	NAN	
3,426	-0,42	0,13935	NAN	NAN	
3,428	-0,42	0,1227	NAN	NAN	
3,43	-0,42	0,1179	NAN	NAN	
3,432	-0,42	0,13005	NAN	NAN	
3,434	-0,425	0,14295	0,12987	NAN	
3,436	-0,425	0,1374	NAN	NAN	
3,438	-0,425	0,12105	NAN	NAN	
3,44	-0,425	0,11655	NAN	NAN	
3,442	-0,425	0,12825	NAN	NAN	
3,444	-0,43	0,14055	0,1281	NAN	
3,446	-0,43	0,13605	NAN	NAN	
3,448	-0,43	0,1191	NAN	NAN	
3,45	-0,43	0,1149	NAN	NAN	
3,452	-0,43	0,1269	NAN	NAN	
3,454	-0,435	0,13935	0,12657	NAN	
3,456	-0,435	0,1335	NAN	NAN	
3,458	-0,435	0,1182	NAN	NAN	
3,46	-0,435	0,11295	NAN	NAN	
3,462	-0,435	0,1245	NAN	NAN	
3,464	-0,435	0,13875	0,12465	NAN	
3,466	-0,44	0,1314	NAN	NAN	
3,468	-0,44	0,11565	NAN	NAN	
3,47	-0,44	0,111	NAN	NAN	
3,472	-0,44	0,123	NAN	NAN	
3,474	-0,44	0,13665	0,1227	NAN	
3,476	-0,445	0,1293	NAN	NAN	
3,478	-0,445	0,11355	NAN	NAN	
3,48	-0,445	0,1086	NAN	NAN	
3,482	-0,445	0,12	NAN	NAN	
3,484	-0,445	0,13365	0,12048	NAN	
3,486	-0,445	0,1293	NAN	NAN	
3,488	-0,45	0,11085	NAN	NAN	
3,49	-0,45	0,1059	NAN	NAN	
3,492	-0,45	0,11805	NAN	NAN	
3,494	-0,45	0,13065	0,11787	NAN	
3,496	-0,45	0,1263	NAN	NAN	
3,498	-0,455	0,10845	NAN	NAN	
3,5	-0,455	0,10335	NAN	NAN	
3,502	-0,455	0,1146	NAN	NAN	
3,504	-0,455	0,1278	0,1155	NAN	
3,506	-0,455	0,1236	NAN	NAN	
3,508	-0,455	0,10815	NAN	NAN	
3,51	-0,46	0,0999	NAN	NAN	
3,512	-0,46	0,1116	NAN	NAN	
3,514	-0,46	0,1245	0,11208	NAN	
3,516	-0,46	0,1194	NAN	NAN	
3,518	-0,46	0,105	NAN	NAN	
3,52	-0,465	0,0975	NAN	NAN	
3,522	-0,465	0,1071	NAN	NAN	
3,524	-0,465	0,12045	0,10848	NAN	
3,526	-0,465	0,1161	NAN	NAN	
3,528	-0,465	0,10125	NAN	NAN	
3,53	-0,465	0,0966	NAN	NAN	
3,532	-0,47	0,10395	NAN	NAN	
3,534	-0,47	0,1164	0,10521	NAN	
3,536	-0,47	0,1113	NAN	NAN	
3,538	-0,47	0,0978	NAN	NAN	
3,54	-0,47	0,0924	NAN	NAN	
3,542	-0,475	0,09945	NAN	NAN	
3,544	-0,475	0,1113	0,10065	NAN	
3,546	-0,475	0,10725	NAN	NAN	
3,548	-0,475	0,09285	NAN	NAN	
3,55	-0,475	0,08835	NAN	NAN	
3,552	-0,475	0,09885	NAN	NAN	
3,554	-0,48	0,10545	0,09654	NAN	
3,556	-0,48	0,1017	NAN	NAN	
3,558	-0,48	0,08835	NAN	NAN	
3,56	-0,48	0,0837	NAN	NAN	
3,562	-0,48	0,09345	NAN	NAN	
3,564	-0,485	0,102	0,09183	NAN	
3,566	-0,485	0,09705	NAN	NAN	
3,568	-0,485	0,08295	NAN	NAN	
3,57	-0,485	0,07875	NAN	NAN	
3,572	-0,485	0,08895	NAN	NAN	
3,574	-0,485	0,1005	0,0873	NAN	
3,576	-0,49	0,09075	NAN	NAN	
3,578	-0,49	0,07755	NAN	NAN	
3,58	-0,49	0,0732	NAN	NAN	
3,582	-0,49	0,08235	NAN	NAN	
3,584	-0,49	0,0933	0,0813	NAN	
3,586	-0,495	0,0864	NAN	NAN	
3,588	-0,495	0,07125	NAN	NAN	
3,59	-0,495	0,06675	NAN	NAN	
3,592	-0,495	0,0768	NAN	NAN	
3,594	-0,495	0,08715	0,07569	NAN	
3,596	-0,495	0,084	NAN	NAN	
3,598	-0,5	0,06375	NAN	NAN	
3,6	-0,5	0,0594	NAN	NAN	
3,602	-0,5	0,0687	NAN	NAN	
3,604	-0,5	0,07845	0,06783	NAN	
3,606	-0,5	0,0762	NAN	NAN	
3,608	-0,505	0,0564	NAN	NAN	
3,61	-0,505	0,0522	NAN	NAN	
3,612	-0,505	0,06165	NAN	NAN	
3,614	-0,505	0,07125	0,06183	NAN	
3,616	-0,505	0,0678	NAN	NAN	
3,618	-0,505	0,05625	NAN	NAN	
3,62	-0,51	0,045	NAN	NAN	
3,622	-0,51	0,0531	NAN	NAN	
3,624	-0,51	0,063	0,05379	NAN	
3,626	-0,51	0,05985	NAN	NAN	
3,628	-0,51	0,048	NAN	NAN	
3,63	-0,515	0,03615	NAN	NAN	
3,632	-0,515	0,04455	NAN	NAN	
3,634	-0,515	0,0534	0,04491	NAN	
3,636	-0,515	0,0507	NAN	NAN	
3,638	-0,515	0,03975	NAN	NAN	
3,64	-0,515	0,0357	NAN	NAN	
3,642	-0,52	0,03495	NAN	NAN	
3,644	-0,52	0,0429	0,03684	NAN	
3,646	-0,52	0,04095	NAN	NAN	
3,648	-0,52	0,0297	NAN	NAN	
3,65	-0,52	0,0267	NAN	NAN	
3,652	-0,525	0,02505	NAN	NAN	
3,654	-0,525	0,03225	0,02682	NAN	
3,656	-0,525	0,02985	NAN	NAN	
3,658	-0,525	0,02025	NAN	NAN	
3,66	-0,525	0,0165	NAN	NAN	
3,662	-0,525	0,02535	NAN	NAN	
3,664	-0,53	0,0216	0,01863	NAN	
3,666	-0,53	0,01965	NAN	NAN	
3,668	-0,53	0,01005	NAN	NAN	
3,67	-0,53	0,0057	NAN	NAN	
3,672	-0,53	0,01245	NAN	NAN	
3,674	-0,535	0,01005	0,00681	NAN	
3,676	-0,535	0,0075	NAN	NAN	
3,678	-0,535	-0,00165	NAN	NAN	
3,68	-0,535	-0,0051	NAN	NAN	
3,682	-0,535	0,0036	NAN	NAN	
3,684	-0,535	0,00945	-0,00243	NAN	
3,686	-0,54	-0,00495	NAN	NAN	
3,688	-0,54	-0,01515	NAN	NAN	
3,69	-0,54	-0,0174	NAN	NAN	
3,692	-0,54	-0,01035	NAN	NAN	
3,694	-0,54	-0,0039	-0,01536	NAN	
3,696	-0,545	-0,018	NAN	NAN	
3,698	-0,545	-0,02715	NAN	NAN	
3,7	-0,545	-0,03015	NAN	NAN	
3,702	-0,545	-0,02205	NAN	NAN	
3,704	-0,545	-0,01695	-0,0255	NAN	
3,706	-0,545	-0,018	NAN	NAN	
3,708	-0,55	-0,04035	NAN	NAN	
3,71	-0,55	-0,0432	NAN	NAN	
3,712	-0,55	-0,03645	NAN	NAN	
3,714	-0,55	-0,02985	-0,03918	NAN	
3,716	-0,55	-0,033	NAN	NAN	
3,718	-0,555	-0,0534	NAN	NAN	
3,72	-0,555	-0,0567	NAN	NAN	
3,722	-0,555	-0,0489	NAN	NAN	
3,724	-0,555	-0,04545	-0,05016	NAN	
3,726	-0,555	-0,04545	NAN	NAN	
3,728	-0,555	-0,0543	NAN	NAN	
3,73	-0,56	-0,07185	NAN	NAN	
3,732	-0,56	-0,066	NAN	NAN	
3,734	-0,56	-0,0612	-0,06603	NAN	
3,736	-0,56	-0,0618	NAN	NAN	
3,738	-0,56	-0,0693	NAN	NAN	
3,74	-0,565	-0,08595	NAN	NAN	
3,742	-0,565	-0,0792	NAN	NAN	
3,744	-0,565	-0,07545	-0,08001	NAN	
3,746	-0,565	-0,07605	NAN	NAN	
3,748	-0,565	-0,0834	NAN	NAN	
3,75	-0,57	-0,09345	NAN	NAN	
3,752	-0,57	-0,0966	NAN	NAN	
3,754	-0,57	-0,0903	-0,09474	NAN	
3,756	-0,57	-0,0939	NAN	NAN	
3,758	-0,57	-0,09945	NAN	NAN	
3,76	-0,57	-0,10125	NAN	NAN	
3,762	-0,565	-0,07995	NAN	NAN	
3,764	-0,565	-0,07545	-0,08355	NAN	
3,766	-0,565	-0,07695	NAN	NAN	
3,768	-0,565	-0,08415	NAN	NAN	
3,77	-0,565	-0,0867	NAN	NAN	
3,772	-0,56	-0,0738	NAN	NAN	
3,774	-0,56	-0,06	-0,07062	NAN	
3,776	-0,56	-0,06315	NAN	NAN	
3,778	-0,56	-0,06945	NAN	NAN	
3,78	-0,56	-0,07185	NAN	NAN	
3,782	-0,56	-0,06615	NAN	NAN	
3,784	-0,555	-0,04515	-0,05682	NAN	
3,786	-0,555	-0,04665	NAN	NAN	
3,788	-0,555	-0,0543	NAN	NAN	
3,79	-0,555	-0,05865	NAN	NAN	
3,792	-0,555	-0,0504	NAN	NAN	
3,794	-0,55	-0,0384	-0,04458	NAN	
3,796	-0,55	-0,03435	NAN	NAN	
3,798	-0,55	-0,0411	NAN	NAN	
3,8	-0,55	-0,04515	NAN	NAN	
3,802	-0,55	-0,0372	NAN	NAN	
3,804	-0,55	-0,03135	-0,03237	NAN	
3,806	-0,545	-0,0198	NAN	NAN	
3,808	-0,545	-0,02835	NAN	NAN	
3,81	-0,545	-0,0318	NAN	NAN	
3,812	-0,545	-0,02385	NAN	NAN	
3,814	-0,545	-0,01755	-0,02082	NAN	
3,816	-0,54	-0,0141	NAN	NAN	
3,818	-0,54	-0,0168	NAN	NAN	
3,82	-0,54	-0,01965	NAN	NAN	
3,822	-0,54	-0,0123	NAN	NAN	
3,824	-0,54	-0,00525	-0,00948	NAN	
3,826	-0,54	-0,00645	NAN	NAN	
3,828	-0,535	-0,00375	NAN	NAN	
3,83	-0,535	-0,00705	NAN	NAN	
3,832	-0,535	0,0015	NAN	NAN	
3,834	-0,535	0,009	0,00183	NAN	
3,836	-0,535	0,006	NAN	NAN	
3,838	-0,53	-0,0003	NAN	NAN	
3,84	-0,53	0,00435	NAN	NAN	
3,842	-0,53	0,01185	NAN	NAN	
3,844	-0,53	0,01995	0,01224	NAN	
3,846	-0,53	0,0174	NAN	NAN	
3,848	-0,53	0,00765	NAN	NAN	
3,85	-0,525	0,015	NAN	NAN	
3,852	-0,525	0,0231	NAN	NAN	
3,854	-0,525	0,0315	0,02322	NAN	
3,856	-0,525	0,0279	NAN	NAN	
3,858	-0,525	0,0186	NAN	NAN	
3,86	-0,52	0,02055	NAN	NAN	
3,862	-0,52	0,03255	NAN	NAN	
3,864	-0,52	0,0408	0,03225	NAN	
3,866	-0,52	0,0393	NAN	NAN	
3,868	-0,52	0,02805	NAN	NAN	
3,87	-0,52	0,02445	NAN	NAN	
3,872	-0,515	0,04305	NAN	NAN	
3,874	-0,515	0,0519	0,04125	NAN	
3,876	-0,515	0,04845	NAN	NAN	
3,878	-0,515	0,0384	NAN	NAN	
3,88	-0,515	0,03405	NAN	NAN	
3,882	-0,51	0,0471	NAN	NAN	
3,884	-0,51	0,0603	0,0495	NAN	
3,886	-0,51	0,0585	NAN	NAN	
3,888	-0,51	0,04755	NAN	NAN	
3,89	-0,51	0,0426	NAN	NAN	
3,892	-0,51	0,05115	NAN	NAN	
3,894	-0,505	0,0702	0,05709	NAN	
3,896	-0,505	0,0663	NAN	NAN	
3,898	-0,505	0,0552	NAN	NAN	
3,9	-0,505	0,05115	NAN	NAN	
3,902	-0,505	0,06015	NAN	NAN	
3,904	-0,5	0,07395	0,06474	NAN	
3,906	-0,5	0,07545	NAN	NAN	
3,908	-0,5	0,063	NAN	NAN	
3,91	-0,5	0,0579	NAN	NAN	
3,912	-0,5	0,06675	NAN	NAN	
3,914	-0,5	0,0777	0,0711	NAN	
3,916	-0,495	0,0825	NAN	NAN	
3,918	-0,495	0,07065	NAN	NAN	
3,92	-0,495	0,06525	NAN	NAN	
3,922	-0,495	0,0744	NAN	NAN	
3,924	-0,495	0,0852	0,07827	NAN	
3,926	-0,49	0,08985	NAN	NAN	
3,928	-0,49	0,07665	NAN	NAN	
3,93	-0,49	0,0717	NAN	NAN	
3,932	-0,49	0,0804	NAN	NAN	
3,934	-0,49	0,09255	0,08343	NAN	
3,936	-0,49	0,0897	NAN	NAN	
3,938	-0,485	0,0828	NAN	NAN	
3,94	-0,485	0,07755	NAN	NAN	
3,942	-0,485	0,0864	NAN	NAN	
3,944	-0,485	0,0981	0,08934	NAN	
3,946	-0,485	0,09645	NAN	NAN	
3,948	-0,48	0,0882	NAN	NAN	
3,95	-0,48	0,0825	NAN	NAN	
3,952	-0,48	0,0915	NAN	NAN	
3,954	-0,48	0,10455	0,09372	NAN	
3,956	-0,48	0,1017	NAN	NAN	
3,958	-0,48	0,08835	NAN	NAN	
3,96	-0,475	0,08745	NAN	NAN	
3,962	-0,475	0,0969	NAN	NAN	
3,964	-0,475	0,1095	0,09885	NAN	
3,966	-0,475	0,1074	NAN	NAN	
3,968	-0,475	0,093	NAN	NAN	
3,97	-0,47	0,0918	NAN	NAN	
3,972	-0,47	0,10095	NAN	NAN	
3,974	-0,47	0,1149	0,10332	NAN	
3,976	-0,47	0,1113	NAN	NAN	
3,978	-0,47	0,09765	NAN	NAN	
3,98	-0,47	0,0921	NAN	NAN	
3,982	-0,465	0,10545	NAN	NAN	
3,984	-0,465	0,1185	0,10689	NAN	
3,986	-0,465	0,1167	NAN	NAN	
3,988	-0,465	0,1017	NAN	NAN	
3,99	-0,465	0,09555	NAN	NAN	
3,992	-0,46	0,1089	NAN	NAN	
3,994	-0,46	0,123	0,11058	NAN	
3,996	-0,46	0,11985	NAN	NAN	
3,998	-0,46	0,1056	NAN	NAN	
4	-0,46	0,0993	NAN	NAN	
4,002	-0,46	0,10905	NAN	NAN	
4,004	-0,455	0,1269	0,11358	NAN	
4,006	-0,455	0,12375	NAN	NAN	
4,008	-0,455	0,1089	NAN	NAN	
4,01	-0,455	0,1026	NAN	NAN	
4,012	-0,455	0,1122	NAN	NAN	
4,014	-0,45	0,13005	0,11658	NAN	
4,016	-0,45	0,1266	NAN	NAN	
4,018	-0,45	0,11145	NAN	NAN	
4,02	-0,45	0,105	NAN	NAN	
4,022	-0,45	0,1149	NAN	NAN	
4,024	-0,45	0,1296	0,11877	NAN	
4,026	-0,445	0,1299	NAN	NAN	
4,028	-0,445	0,11445	NAN	NAN	
4,03	-0,445	0,1077	NAN	NAN	
4,032	-0,445	0,11745	NAN	NAN	
4,034	-0,445	0,1329	0,12135	NAN	
4,036	-0,44	0,132	NAN	NAN	
4,038	-0,44	0,1167	NAN	NAN	
4,04	-0,44	0,10965	NAN	NAN	
4,042	-0,44	0,1203	NAN	NAN	
4,044	-0,44	0,1353	0,12339	NAN	
4,046	-0,44	0,13245	NAN	NAN	
4,048	-0,435	0,11925	NAN	NAN	
4,05	-0,435	0,11205	NAN	NAN	
4,052	-0,435	0,12225	NAN	NAN	
4,054	-0,435	0,13785	0,12558	NAN	
4,056	-0,435	0,13455	NAN	NAN	
4,058	-0,43	0,1212	NAN	NAN	
4,06	-0,43	0,114	NAN	NAN	
4,062	-0,43	0,1239	NAN	NAN	
4,064	-0,43	0,13995	0,12747	NAN	
4,066	-0,43	0,1368	NAN	NAN	
4,068	-0,425	0,1227	NAN	NAN	
4,07	-0,425	0,1161	NAN	NAN	
4,072	-0,425	0,1257	NAN	NAN	
4,074	-0,425	0,1419	0,12891	NAN	
4,076	-0,425	0,13815	NAN	NAN	
4,078	-0,425	0,1227	NAN	NAN	
4,08	-0,42	0,1176	NAN	NAN	
4,082	-0,42	0,1269	NAN	NAN	
4,084	-0,42	0,14325	0,13047	NAN	
4,086	-0,42	0,14025	NAN	NAN	
4,088	-0,42	0,12435	NAN	NAN	
4,09	-0,415	0,11895	NAN	NAN	
4,092	-0,415	0,12855	NAN	NAN	
4,094	-0,415	0,14475	0,13194	NAN	
4,096	-0,415	0,1419	NAN	NAN	
4,098	-0,415	0,12555	NAN	NAN	
4,1	-0,415	0,1191	NAN	NAN	
4,102	-0,41	0,12975	NAN	NAN	
4,104	-0,41	0,1464	0,13323	NAN	
4,106	-0,41	0,14355	NAN	NAN	
4,108	-0,41	0,12735	NAN	NAN	
4,11	-0,41	0,1203	NAN	NAN	
4,112	-0,405	0,13095	NAN	NAN	
4,114	-0,405	0,14745	0,13428	NAN	
4,116	-0,405	0,1446	NAN	NAN	
4,118	-0,405	0,1281	NAN	NAN	
4,12	-0,405	0,1212	NAN	NAN	
4,122	-0,405	0,13065	NAN	NAN	
4,124	-0,4	0,1485	0,13503	NAN	
4,126	-0,4	0,14565	NAN	NAN	
4,128	-0,4	0,12915	NAN	NAN	
4,13	-0,4	0,12225	NAN	NAN	
4,132	-0,4	0,132	NAN	NAN	
4,134	-0,395	0,14985	0,13626	NAN	
4,136	-0,395	0,147	NAN	NAN	
4,138	-0,395	0,1302	NAN	NAN	
4,14	-0,395	0,12345	NAN	NAN	
4,142	-0,395	0,13305	NAN	NAN	
4,144	-0,395	0,1494	0,13704	NAN	
4,146	-0,39	0,14805	NAN	NAN	
4,148	-0,39	0,13125	NAN	NAN	
4,15	-0,39	0,12435	NAN	NAN	
4,152	-0,39	0,1341	NAN	NAN	
4,154	-0,39	0,1503	0,138	NAN	
4,156	-0,385	0,1491	NAN	NAN	
4,158	-0,385	0,13215	NAN	NAN	
4,16	-0,385	0,1251	NAN	NAN	
4,162	-0,385	0,13515	NAN	NAN	
4,164	-0,385	0,15135	0,13869	NAN	
4,166	-0,385	0,1491	NAN	NAN	
4,168	-0,38	0,13275	NAN	NAN	
4,17	-0,38	0,1257	NAN	NAN	
4,172	-0,38	0,1359	NAN	NAN	
4,174	-0,38	0,15225	0,1395	NAN	
4,176	-0,38	0,1497	NAN	NAN	
4,178	-0,375	0,13395	NAN	NAN	
4,18	-0,375	0,12645	NAN	NAN	
4,182	-0,375	0,13635	NAN	NAN	
4,184	-0,375	0,153	0,14007	NAN	
4,186	-0,375	0,15075	NAN	NAN	
4,188	-0,375	0,1338	NAN	NAN	
4,19	-0,37	0,1269	NAN	NAN	
4,192	-0,37	0,1371	NAN	NAN	
4,194	-0,37	0,15405	0,14085	NAN	
4,196	-0,37	0,1515	NAN	NAN	
4,198	-0,37	0,1347	NAN	NAN	
4,2	-0,365	0,12765	NAN	NAN	
4,202	-0,365	0,1377	NAN	NAN	
4,204	-0,365	0,15465	0,14148	NAN	
4,206	-0,365	0,15195	NAN	NAN	
4,208	-0,365	0,13545	NAN	NAN	
4,21	-0,365	0,12765	NAN	NAN	
4,212	-0,36	0,13815	NAN	NAN	
4,214	-0,36	0,15495	0,14187	NAN	
4,216	-0,36	0,15285	NAN	NAN	
4,218	-0,36	0,13575	NAN	NAN	
4,22	-0,36	0,12795	NAN	NAN	
4,222	-0,355	0,13875	NAN	NAN	
4,224	-0,355	0,1554	0,14238	NAN	
4,226	-0,355	0,15315	NAN	NAN	
4,228	-0,355	0,13665	NAN	NAN	
4,23	-0,355	0,12825	NAN	NAN	
4,232	-0,355	0,13845	NAN	NAN	
4,234	-0,35	0,15615	0,14265	NAN	
4,236	-0,35	0,15345	NAN	NAN	
4,238	-0,35	0,13695	NAN	NAN	
4,24	-0,35	0,12885	NAN	NAN	
4,242	-0,35	0,13905	NAN	NAN	
4,244	-0,345	0,15645	0,14322	NAN	
4,246	-0,345	0,1542	NAN	NAN	
4,248	-0,345	0,13755	NAN	NAN	
4,25	-0,345	0,1293	NAN	NAN	
4,252	-0,345	0,1395	NAN	NAN	
4,254	-0,345	0,15675	0,14364	NAN	
4,256	-0,34	0,15465	NAN	NAN	
4,258	-0,34	0,138	NAN	NAN	
4,26	-0,34	0,12945	NAN	NAN	
4,262	-0,34	0,1398	NAN	NAN	
4,264	-0,34	0,1569	0,14391	NAN	
4,266	-0,335	0,1551	NAN	NAN	
4,268	-0,335	0,1383	NAN	NAN	
4,27	-0,335	0,1299	NAN	NAN	
4,272	-0,335	0,1401	NAN	NAN	
4,274	-0,335	0,1575	0,14418	NAN	
4,276	-0,335	0,1548	NAN	NAN	
4,278	-0,33	0,1386	NAN	NAN	
4,28	-0,33	0,13065	NAN	NAN	
4,282	-0,33	0,1404	NAN	NAN	
4,284	-0,33	0,15795	0,14469	NAN	
4,286	-0,33	0,15525	NAN	NAN	
4,288	-0,325	0,1392	NAN	NAN	
4,29	-0,325	0,1308	NAN	NAN	
4,292	-0,325	0,1407	NAN	NAN	
4,294	-0,325	0,1584	0,14496	NAN	
4,296	-0,325	0,1557	NAN	NAN	
4,298	-0,325	0,1392	NAN	NAN	
4,3	-0,32	0,1308	NAN	NAN	
4,302	-0,32	0,14085	NAN	NAN	
4,304	-0,32	0,15825	0,14493	NAN	
4,306	-0,32	0,15555	NAN	NAN	
4,308	-0,32	0,1392	NAN	NAN	
4,31	-0,315	0,13125	NAN	NAN	
4,312	-0,315	0,1407	NAN	NAN	
4,314	-0,315	0,15885	0,14523	NAN	
4,316	-0,315	0,156	NAN	NAN	
4,318	-0,315	0,13935	NAN	NAN	
4,32	-0,315	0,1311	NAN	NAN	
4,322	-0,31	0,141	NAN	NAN	
4,324	-0,31	0,15885	0,1455	NAN	
4,326	-0,31	0,15645	NAN	NAN	
4,328	-0,31	0,1401	NAN	NAN	
4,33	-0,31	0,13155	NAN	NAN	
4,332	-0,305	0,141	NAN	NAN	
4,334	-0,305	0,15915	0,14565	NAN	
4,336	-0,305	0,1563	NAN	NAN	
4,338	-0,305	0,14025	NAN	NAN	
4,34	-0,305	0,13155	NAN	NAN	
4,342	-0,305	0,14115	NAN	NAN	
4,344	-0,3	0,1593	0,1458	NAN	
4,346	-0,3	0,1569	NAN	NAN	
4,348	-0,3	0,1401	NAN	NAN	
4,35	-0,3	0,13215	NAN	NAN	
4,352	-0,3	0,14115	NAN	NAN	
4,354	-0,295	0,15975	0,14613	NAN	
4,356	-0,295	0,15705	NAN	NAN	
4,358	-0,295	0,14055	NAN	NAN	
4,36	-0,295	0,1323	NAN	NAN	
4,362	-0,295	0,14145	NAN	NAN	
4,364	-0,295	0,1596	0,14628	NAN	
4,366	-0,29	0,1575	NAN	NAN	
4,368	-0,29	0,14055	NAN	NAN	
4,37	-0,29	0,1326	NAN	NAN	
4,372	-0,29	0,1416	NAN	NAN	
4,374	-0,29	0,15975	0,14652	NAN	
4,376	-0,285	0,15795	NAN	NAN	
4,378	-0,285	0,1407	NAN	NAN	
4,38	-0,285	0,13275	NAN	NAN	
4,382	-0,285	0,14175	NAN	NAN	
4,384	-0,285	0,1596	0,14661	NAN	
4,386	-0,28	0,1581	NAN	NAN	
4,388	-0,28	0,14085	NAN	NAN	
4,39	-0,28	0,13305	NAN	NAN	
4,392	-0,28	0,1419	NAN	NAN	
4,394	-0,28	0,16005	0,14685	NAN	
4,396	-0,28	0,1581	NAN	NAN	
4,398	-0,275	0,14115	NAN	NAN	
4,4	-0,275	0,13305	NAN	NAN	
4,402	-0,275	0,14205	NAN	NAN	
4,404	-0,275	0,16005	0,147	NAN	
4,406	-0,275	0,1584	NAN	NAN	
4,408	-0,27	0,14145	NAN	NAN	
4,41	-0,27	0,13335	NAN	NAN	
4,412	-0,27	0,1425	NAN	NAN	
4,414	-0,27	0,16035	0,14727	NAN	
4,416	-0,27	0,1587	NAN	NAN	
4,418	-0,27	0,14145	NAN	NAN	
4,42	-0,265	0,1335	NAN	NAN	
4,422	-0,265	0,1428	NAN	NAN	
4,424	-0,265	0,1602	0,14745	NAN	
4,426	-0,265	0,159	NAN	NAN	
4,428	-0,265	0,14175	NAN	NAN	
4,43	-0,26	0,1338	NAN	NAN	
4,432	-0,26	0,14265	NAN	NAN	
4,434	-0,26	0,1602	0,14751	NAN	
4,436	-0,26	0,15915	NAN	NAN	
4,438	-0,26	0,14175	NAN	NAN	
4,44	-0,26	0,1335	NAN	NAN	
4,442	-0,255	0,1431	NAN	NAN	
4,444	-0,255	0,1605	0,14766	NAN	
4,446	-0,255	0,15915	NAN	NAN	
4,448	-0,255	0,14205	NAN	NAN	
4,45	-0,255	0,13365	NAN	NAN	
4,452	-0,25	0,14295	NAN	NAN	
4,454	-0,25	0,16035	0,14769	NAN	
4,456	-0,25	0,1593	NAN	NAN	
4,458	-0,25	0,1422	NAN	NAN	
4,46	-0,25	0,13365	NAN	NAN	
4,462	-0,25	0,14295	NAN	NAN	
4,464	-0,245	0,16065	0,14784	NAN	
4,466	-0,245	0,1596	NAN	NAN	
4,468	-0,245	0,14235	NAN	NAN	
4,47	-0,245	0,1338	NAN	NAN	
4,472	-0,245	0,1431	NAN	NAN	
4,474	-0,24	0,1605	0,14787	NAN	
4,476	-0,24	0,1593	NAN	NAN	
4,478	-0,24	0,14265	NAN	NAN	
4,48	-0,24	0,13365	NAN	NAN	
4,482	-0,24	0,14295	NAN	NAN	
4,484	-0,24	0,1605	0,14793	NAN	
4,486	-0,235	0,15975	NAN	NAN	
4,488	-0,235	0,1428	NAN	NAN	
4,49	-0,235	0,1338	NAN	NAN	
4,492	-0,235	0,14325	NAN	NAN	
4,494	-0,235	0,1608	0,14814	NAN	
4,496	-0,23	0,15975	NAN	NAN	
4,498	-0,23	0,1431	NAN	NAN	
4,5	-0,23	0,13395	NAN	NAN	
4,502	-0,23	0,14325	NAN	NAN	
4,504	-0,23	0,16065	0,14814	NAN	
4,506	-0,23	0,15975	NAN	NAN	
4,508	-0,225	0,1431	NAN	NAN	
4,51	-0,225	0,13395	NAN	NAN	
4,512	-0,225	0,14325	NAN	NAN	
4,514	-0,225	0,1608	0,1482	NAN	
4,516	-0,225	0,15975	NAN	NAN	
4,518	-0,22	0,14325	NAN	NAN	
4,52	-0,22	0,13395	NAN	NAN	
4,522	-0,22	0,1434	NAN	NAN	
4,524	-0,22	0,16095	0,14835	NAN	
4,526	-0,22	0,16005	NAN	NAN	
4,528	-0,22	0,1434	NAN	NAN	
4,53	-0,215	0,1341	NAN	NAN	
4,532	-0,215	0,1434	NAN	NAN	
4,534	-0,215	0,1611	0,14841	NAN	
4,536	-0,215	0,16005	NAN	NAN	
4,538	-0,215	0,1434	NAN	NAN	
4,54	-0,21	0,1341	NAN	NAN	
4,542	-0,21	0,14325	NAN	NAN	
4,544	-0,21	0,1611	0,14838	NAN	
4,546	-0,21	0,1599	NAN	NAN	
4,548	-0,21	0,14355	NAN	NAN	
4,55	-0,21	0,1341	NAN	NAN	
4,552	-0,205	0,14355	NAN	NAN	
4,554	-0,205	0,16125	0,14856	NAN	
4,556	-0,205	0,1599	NAN	NAN	
4,558	-0,205	0,144	NAN	NAN	
4,56	-0,205	0,13425	NAN	NAN	
4,562	-0,2	0,14355	NAN	NAN	
4,564	-0,2	0,1614	0,14856	NAN	
4,566	-0,2	0,1599	NAN	NAN	
4,568	-0,2	0,1437	NAN	NAN	
4,57	-0,2	0,13395	NAN	NAN	
4,572	-0,2	0,1434	NAN	NAN	
4,574	-0,195	0,16125	0,1485	NAN	
4,576	-0,195	0,16005	NAN	NAN	
4,578	-0,195	0,14385	NAN	NAN	
4,58	-0,195	0,13425	NAN	NAN	
4,582	-0,195	0,14325	NAN	NAN	
4,584	-0,19	0,1614	0,14853	NAN	
4,586	-0,19	0,1599	NAN	NAN	
4,588	-0,19	0,14385	NAN	NAN	
4,59	-0,19	0,13455	NAN	NAN	
4,592	-0,19	0,14325	NAN	NAN	
4,594	-0,19	0,16155	0,14865	NAN	
4,596	-0,185	0,16005	NAN	NAN	
4,598	-0,185	0,14385	NAN	NAN	
4,6	-0,185	0,1344	NAN	NAN	
4,602	-0,185	0,14295	NAN	NAN	
4,604	-0,185	0,1617	0,14868	NAN	
4,606	-0,18	0,16035	NAN	NAN	
4,608	-0,18	0,144	NAN	NAN	
4,61	-0,18	0,1347	NAN	NAN	
4,612	-0,18	0,1428	NAN	NAN	
4,614	-0,18	0,16185	0,14871	NAN	
4,616	-0,18	0,1602	NAN	NAN	
4,618	-0,175	0,144	NAN	NAN	
4,62	-0,175	0,1347	NAN	NAN	
4,622	-0,175	0,14295	NAN	NAN	
4,624	-0,175	0,16155	0,14871	NAN	
4,626	-0,175	0,16035	NAN	NAN	
4,628	-0,17	0,144	NAN	NAN	
4,63	-0,17	0,1347	NAN	NAN	
4,632	-0,17	0,1428	NAN	NAN	
4,634	-0,17	0,16125	0,14862	NAN	
4,636	-0,17	0,1605	NAN	NAN	
4,638	-0,17	0,14385	NAN	NAN	
4,64	-0,165	0,1347	NAN	NAN	
4,642	-0,165	0,1431	NAN	NAN	
4,644	-0,165	0,16155	0,14874	NAN	
4,646	-0,165	0,1605	NAN	NAN	
4,648	-0,165	0,14385	NAN	NAN	
4,65	-0,16	0,13485	NAN	NAN	
4,652	-0,16	0,1428	NAN	NAN	
4,654	-0,16	0,1614	0,14871	NAN	
4,656	-0,16	0,16035	NAN	NAN	
4,658	-0,16	0,14415	NAN	NAN	
4,66	-0,16	0,1347	NAN	NAN	
4,662	-0,155	0,1428	NAN	NAN	
4,664	-0,155	0,1614	0,1488	NAN	
4,666	-0,155	0,1611	NAN	NAN	
4,668	-0,155	0,144	NAN	NAN	
4,67	-0,155	0,1347	NAN	NAN	
4,672	-0,15	0,1428	NAN	NAN	
4,674	-0,15	0,16125	0,1488	NAN	
4,676	-0,15	0,1611	NAN	NAN	
4,678	-0,15	0,14415	NAN	NAN	
4,68	-0,15	0,1347	NAN	NAN	
4,682	-0,15	0,14265	NAN	NAN	
4,684	-0,145	0,16125	0,14868	NAN	
4,686	-0,145	0,1608	NAN	NAN	
4,688	-0,145	0,144	NAN	NAN	
4,69	-0,145	0,1347	NAN	NAN	
4,692	-0,145	0,1428	NAN	NAN	
4,694	-0,14	0,16095	0,14865	NAN	
4,696	-0,14	0,1608	NAN	NAN	
4,698	-0,14	0,144	NAN	NAN	
4,7	-0,14	0,135	NAN	NAN	
4,702	-0,14	0,14295	NAN	NAN	
4,704	-0,135	0,1614	0,14895	NAN	
4,706	-0,135	0,16125	NAN	NAN	
4,708	-0,135	0,14415	NAN	NAN	
4,71	-0,135	0,1353	NAN	NAN	
4,712	-0,135	0,1431	NAN	NAN	
4,714	-0,135	0,1611	0,14898	NAN	
4,716	-0,13	0,1611	NAN	NAN	
4,718	-0,13	0,1443	NAN	NAN	
4,72	-0,13	0,135	NAN	NAN	
4,722	-0,13	0,14265	NAN	NAN	
4,724	-0,13	0,1611	0,1488	NAN	
4,726	-0,125	0,16125	NAN	NAN	
4,728	-0,125	0,144	NAN	NAN	
4,73	-0,125	0,13485	NAN	NAN	
4,732	-0,125	0,14295	NAN	NAN	
4,734	-0,125	0,1611	0,14886	NAN	
4,736	-0,125	0,16125	NAN	NAN	
4,738	-0,12	0,14415	NAN	NAN	
4,74	-0,12	0,135	NAN	NAN	
4,742	-0,12	0,1431	NAN	NAN	
4,744	-0,12	0,16125	0,14898	NAN	
4,746	-0,12	0,1611	NAN	NAN	
4,748	-0,115	0,14445	NAN	NAN	
4,75	-0,115	0,135	NAN	NAN	
4,752	-0,115	0,1428	NAN	NAN	
4,754	-0,115	0,1611	0,14892	NAN	
4,756	-0,115	0,16125	NAN	NAN	
4,758	-0,115	0,14445	NAN	NAN	
4,76	-0,11	0,13515	NAN	NAN	
4,762	-0,11	0,14325	NAN	NAN	
4,764	-0,11	0,16125	0,14916	NAN	
4,766	-0,11	0,1617	NAN	NAN	
4,768	-0,11	0,14445	NAN	NAN	
4,77	-0,105	0,1353	NAN	NAN	
4,772	-0,105	0,1431	NAN	NAN	
4,774	-0,105	0,16125	0,14913	NAN	
4,776	-0,105	0,16125	NAN	NAN	
4,778	-0,105	0,14475	NAN	NAN	
4,78	-0,105	0,135	NAN	NAN	
4,782	-0,1	0,1431	NAN	NAN	
4,784	-0,1	0,1611	0,14904	NAN	
4,786	-0,1	0,1614	NAN	NAN	
4,788	-0,1	0,1446	NAN	NAN	
4,79	-0,1	0,135	NAN	NAN	
4,792	-0,095	0,14295	NAN	NAN	
4,794	-0,095	0,16095	0,14898	NAN	
4,796	-0,095	0,1614	NAN	NAN	
4,798	-0,095	0,1446	NAN	NAN	
4,8	-0,095	0,135	NAN	NAN	
4,802	-0,095	0,1431	NAN	NAN	
4,804	-0,09	0,16095	0,14907	NAN	
4,806	-0,09	0,1614	NAN	NAN	
4,808	-0,09	0,1449	NAN	NAN	
4,81	-0,09	0,135	NAN	NAN	
4,812	-0,09	0,1428	NAN	NAN	
4,814	-0,085	0,1605	0,14898	NAN	
4,816	-0,085	0,16155	NAN	NAN	
4,818	-0,085	0,14505	NAN	NAN	
4,82	-0,085	0,1347	NAN	NAN	
4,822	-0,085	0,1431	NAN	NAN	
4,824	-0,085	0,16095	0,14904	NAN	
4,826	-0,08	0,1617	NAN	NAN	
4,828	-0,08	0,14475	NAN	NAN	
4,83	-0,08	0,135	NAN	NAN	
4,832	-0,08	0,14325	NAN	NAN	
4,834	-0,08	0,1608	0,14922	NAN	
4,836	-0,075	0,16185	NAN	NAN	
4,838	-0,075	0,1452	NAN	NAN	
4,84	-0,075	0,135	NAN	NAN	
4,842	-0,075	0,1431	NAN	NAN	
4,844	-0,075	0,1608	0,14913	NAN	
4,846	-0,075	0,16155	NAN	NAN	
4,848	-0,07	0,1452	NAN	NAN	
4,85	-0,07	0,135	NAN	NAN	
4,852	-0,07	0,1431	NAN	NAN	
4,854	-0,07	0,1608	0,14913	NAN	
4,856	-0,07	0,16155	NAN	NAN	
4,858	-0,065	0,1452	NAN	NAN	
4,86	-0,065	0,13485	NAN	NAN	
4,862	-0,065	0,14325	NAN	NAN	
4,864	-0,065	0,16095	0,14922	NAN	
4,866	-0,065	0,16155	NAN	NAN	
4,868	-0,065	0,1455	NAN	NAN	
4,87	-0,06	0,135	NAN	NAN	
4,872	-0,06	0,1428	NAN	NAN	
4,874	-0,06	0,16095	0,14922	NAN	
4,876	-0,06	0,16185	NAN	NAN	
4,878	-0,06	0,1455	NAN	NAN	
4,88	-0,055	0,135	NAN	NAN	
4,882	-0,055	0,1431	NAN	NAN	
4,884	-0,055	0,1611	0,14928	NAN	
4,886	-0,055	0,1617	NAN	NAN	
4,888	-0,055	0,1455	NAN	NAN	
4,89	-0,055	0,135	NAN	NAN	
4,892	-0,05	0,14295	NAN	NAN	
4,894	-0,05	0,16095	0,14925	NAN	
4,896	-0,05	0,1617	NAN	NAN	
4,898	-0,05	0,14565	NAN	NAN	
4,9	-0,05	0,135	NAN	NAN	
4,902	-0,045	0,14295	NAN	NAN	
4,904	-0,045	0,16125	0,14931	NAN	
4,906	-0,045	0,1617	NAN	NAN	
4,908	-0,045	0,14565	NAN	NAN	
4,91	-0,045	0,135	NAN	NAN	
4,912	-0,045	0,1431	NAN	NAN	
4,914	-0,04	0,1611	0,14937	NAN	
4,916	-0,04	0,1617	NAN	NAN	
4,918	-0,04	0,14595	NAN	NAN	
4,92	-0,04	0,13515	NAN	NAN	
4,922	-0,04	0,14295	NAN	NAN	
4,924	-0,035	0,16125	0,14943	NAN	
4,926	-0,035	0,16185	NAN	NAN	
4,928	-0,035	0,14595	NAN	NAN	
4,93	-0,035	0,13515	NAN	NAN	
4,932	-0,035	0,1428	NAN	NAN	
4,934	-0,035	0,16125	0,14937	NAN	
4,936	-0,03	0,1617	NAN	NAN	
4,938	-0,03	0,14595	NAN	NAN	
4,94	-0,03	0,135	NAN	NAN	
4,942	-0,03	0,1431	NAN	NAN	
4,944	-0,03	0,1614	0,14946	NAN	
4,946	-0,025	0,16185	NAN	NAN	
4,948	-0,025	0,14595	NAN	NAN	
4,95	-0,025	0,1353	NAN	NAN	
4,952	-0,025	0,1428	NAN	NAN	
4,954	-0,025	0,16125	0,14931	NAN	
4,956	-0,025	0,1614	NAN	NAN	
4,958	-0,02	0,1458	NAN	NAN	
4,96	-0,02	0,13515	NAN	NAN	
4,962	-0,02	0,1425	NAN	NAN	
4,964	-0,02	0,16125	0,14925	NAN	
4,966	-0,02	0,16155	NAN	NAN	
4,968	-0,015	0,1458	NAN	NAN	
4,97	-0,015	0,1353	NAN	NAN	
4,972	-0,015	0,1425	NAN	NAN	
4,974	-0,015	0,1614	0,14937	NAN	
4,976	-0,015	0,16155	NAN	NAN	
4,978	-0,015	0,1461	NAN	NAN	
4,98	-0,01	0,13545	NAN	NAN	
4,982	-0,01	0,14265	NAN	NAN	
4,984	-0,01	0,1614	0,14946	NAN	
4,986	-0,01	0,1617	NAN	NAN	
4,988	-0,01	0,1461	NAN	NAN	
4,99	-0,005	0,1356	NAN	NAN	
4,992	-0,005	0,1422	NAN	NAN	
4,994	-0,005	0,1611	0,14934	NAN	
4,996	-0,005	0,16185	NAN	NAN	
4,998	-0,005	0,14595	NAN	NAN	
5	0	0,1359	NAN	NAN	
